TOPEX   1 19920930  18  3   -0.27  0.077  30.63 ERA DOR ERA 4 0 0
TOPEX   2 19921010  16  1  999.99 99.999 999.99 ERA DOR ERA 4 0 0
TOPEX   3 19921020  14  0  999.99 99.999  18.82 MER DOR ECM 4 0 0
TOPEX   4 19921030  11 58  999.99 99.999 999.99 MER DOR ECM 4 1 0
TOPEX   5 19921109   9 57   -0.30  0.172  16.21 ERA DOR ERA 4 1 0
TOPEX   6 19921119   7 56  999.99 99.999 999.99 ERA DOR ERA 4 1 0
TOPEX   7 19921129   5 54  999.99 99.999 999.99 MER DOR ECM 4 1 0
TOPEX   8 19921209   3 53   -0.06  0.055  40.93 ERA DOR ERA 4 1 0
TOPEX   9 99999999  99 99  999.99 99.999 999.99 N/A N/A ERA 9 9 0
TOPEX  10 19921228  23 50  999.99 99.999 999.99 MER BNT ECM 3 0 0
TOPEX  11 19930107  21 48   -0.25  0.067  39.15 ERA DOR ERA 4 1 0
TOPEX  12 19930117  19 47    0.20  0.076  35.19 ERA DOR ERA 4 0 0
TOPEX  13 19930127  17 45   -0.26  0.184  29.15 ERA DOR ERA 4 0 0
TOPEX  14 19930206  15 44  999.99 99.999 999.99 ERA DOR ERA 4 1 0
TOPEX  15 19930216  13 42  999.99 99.999 999.99 ERA DOR ERA 4 1 0
TOPEX  16 19930226  11 41    0.21  0.148  17.25 ERA DOR ERA 4 0 0
TOPEX  17 19930308   9 39  999.99 99.999 999.99 MER DOR ECM 3 0 0
TOPEX  18 19930318   7 38    0.18  0.244  13.50 ERA DOR ERA 4 1 0
TOPEX  19 19930328   5 36  999.99 99.999 999.99 ERA DOR ERA 4 0 0
POSDN  20 19930407   3 35  999.99 99.999 999.99 N/A N/A ERA 4 9 0
TOPEX  21 19930417   1 33  999.99 99.999 999.99 MER DOR ECM 3 0 0
TOPEX  22 19930426  23 32    0.37  0.068  39.49 ERA DOR ERA 4 1 0
TOPEX  23 19930506  21 30    0.55  0.087  35.93 ERA DOR ERA 4 0 0
TOPEX  24 19930516  19 29  999.99 99.999 999.99 ERA DOR ERA 4 0 0
TOPEX  25 19930526  17 28    0.14  0.071  14.66 ERA DOR ERA 4 0 0
TOPEX  26 19930605  15 26   -0.04  0.081  11.59 ERA DOR ERA 4 0 0
TOPEX  27 19930615  13 25   -0.15  0.126  21.24 ERA DOR ERA 4 0 0
TOPEX  28 19930625  11 23    0.14  0.063  39.12 ERA DOR ERA 4 1 0
TOPEX  29 19930705   9 22   -0.42  0.109  10.49 ERA DOR ERA 3 1 0
TOPEX  30 19930715   7 20    0.33  0.056  13.35 ERA DOR ERA 4 0 0
TOPEX  31 99999999  99 99  999.99 99.999 999.99 N/A N/A ERA 9 9 0
TOPEX  32 19930804   3 17  999.99 99.999 999.99 ERA DOR ERA 4 0 0
TOPEX  33 19930814   1 16    0.37  0.070  38.67 ERA DOR ERA 4 1 0
TOPEX  34 19930823  23 14    0.40  0.080  39.75 ERA DOR ERA 4 1 0
TOPEX  35 19930902  21 13    0.38  0.070  38.34 ERA DOR ERA 4 0 0
TOPEX  36 19930912  19 11   -0.19  0.221  21.89 ERA DOR ERA 4 1 0
TOPEX  37 19930922  17 10    0.03  0.054  20.90 ERA NIC ERA 4 0 0
TOPEX  38 19931002  15  8   -0.24  0.125  24.88 ERA DOR ERA 4 1 0
TOPEX  39 19931012  13  7   -0.24  0.275  13.40 MER DOR ECM 4 1 0
TOPEX  40 19931022  11  5   -0.48  0.153  20.74 ERA DOR ERA 4 1 0
POSDN  41 19931101   9  4  999.99 99.999 999.99 N/A N/A ERA 3 9 0
TOPEX  42 19931111   7  2   -0.13  0.183  14.90 ERA DOR ERA 4 1 0
TOPEX  43 19931121   5  1    0.02  0.076  38.87 ERA DOR ERA 4 1 0
TOPEX  44 19931201   2 59    0.06  0.068  40.47 ERA DOR ERA 4 1 0
TOPEX  45 19931211   0 58    0.05  0.054  41.59 ERA DOR ERA 4 1 0
TOPEX  46 19931220  22 57  999.99 99.999 999.99 ERA DOR ERA 4 0 0
TOPEX  47 19931230  20 55   -0.06  0.060  16.41 ERA DOR ERA 4 0 0
TOPEX  48 19940109  18 54    0.14  0.067  30.72 ERA DOR ERA 4 0 0
TOPEX  49 19940119  16 52  999.99 99.999 999.99 MER DOR ECM 2 0 0
TOPEX  50 19940129  14 51   -0.41  0.090  17.44 ERA DOR ERA 4 0 0
TOPEX  51 19940208  12 49  999.99 99.999  19.01 MER DOR ECM 4 1 0
TOPEX  52 19940218  10 48  999.99 99.999 999.99 ERA DOR ERA 4 1 0
TOPEX  53 19940228   8 46    0.17  0.076  14.69 ERA DOR ERA 4 1 0
TOPEX  54 19940310   6 45  999.99 99.999 999.99 MER DOR ECM 3 0 0
POSDN  55 19940320   4 43    0.22  0.053  13.96 ERA DOR ERA 4 9 0
TOPEX  56 19940330   2 42    0.16  0.052  41.35 ERA DOR ERA 4 1 0
TOPEX  57 19940409   0 40   -0.43  0.169  12.72 ERA DOR ERA 4 0 0
TOPEX  58 19940418  22 39    0.41  0.057  41.17 ERA DOR ERA 4 1 0
TOPEX  59 19940428  20 37   -0.44  0.211  31.06 ERA DOR ERA 4 0 0
TOPEX  60 19940508  18 36   -0.38  0.113  19.56 ERA DOR ERA 4 0 0
TOPEX  61 19940518  16 34    0.52  0.077  13.88 ERA DOR ERA 4 1 0
TOPEX  62 19940528  14 33   -0.42  0.262  16.33 ERA DOR ERA 4 0 0
TOPEX  63 19940607  12 31  999.99 99.999 999.99 ERA DOR ERA 4 0 0
TOPEX  64 19940617  10 30   -0.15  0.157  17.23 ERA DOR ERA 4 0 0
POSDN  65 19940627   8 28  999.99 99.999 999.99 N/A N/A ERA 3 9 0
TOPEX  66 19940707   6 27    0.46  0.063  13.44 ERA DOR ERA 4 0 0
TOPEX  67 19940717   4 26    0.36  0.052  36.02 ERA DOR ERA 4 0 0
TOPEX  68 19940727   2 24  999.99 99.999 999.99 MER DOR ECM 3 0 0
TOPEX  69 19940806   0 23    0.17  0.074  38.81 ERA DOR ERA 4 1 0
TOPEX  70 19940815  22 21    0.19  0.054  26.62 ERA DOR ERA 4 0 0
TOPEX  71 19940825  20 20  999.99 99.999  23.83 ERA DOR ERA 3 0 0
TOPEX  72 19940904  18 18   -0.25  0.108  28.74 ERA DOR ERA 4 0 0
TOPEX  73 19940914  16 17    0.41  0.231  18.21 ERA DOR ERA 3 0 0
TOPEX  74 19940924  14 15   -0.04  0.088  13.85 ERA DOR ERA 4 0 0
TOPEX  75 19941004  12 14  999.99 99.999 999.99 ERA DOR ERA 4 0 0
TOPEX  76 19941014  10 12  999.99 99.999 999.99 MER DOR ECM 4 1 0
TOPEX  77 19941024   8 11    0.01  0.062  41.37 ERA DOR ERA 4 1 0
TOPEX  78 19941103   6  9   -0.09  0.130  12.46 ERA DOR ERA 4 0 0
POSDN  79 19941113   4  8  999.99 99.999 999.99 N/A N/A ERA 4 9 0
TOPEX  80 19941123   2  6  999.99 99.999 999.99 ERA DOR ERA 4 0 0
TOPEX  81 19941203   0  5   -0.15  0.089  41.41 ERA DOR ERA 4 1 0
TOPEX  82 19941212  22  3    0.10  0.064  39.98 ERA DOR ERA 4 1 0
TOPEX  83 19941222  20  2   -0.23  0.070  30.22 ERA DOR ERA 4 0 0
TOPEX  84 19950101  18  0   -0.06  0.073  23.32 ERA DOR ERA 4 0 0
TOPEX  85 19950111  15 59    0.24  0.140  18.12 ERA DOR ERA 4 0 0
TOPEX  86 19950121  13 57  999.99 99.999 999.99 ERA DOR ERA 3 1 0
TOPEX  87 19950131  11 56    0.39  0.132  30.01 ERA DOR ERA 4 0 0
TOPEX  88 19950210   9 55  999.99 99.999 999.99 ERA DOR ERA 3 1 0
TOPEX  89 19950220   7 53    0.58  0.159  30.90 ERA DOR ERA 4 1 0
TOPEX  90 19950302   5 52    0.08  0.114  12.93 ERA DOR ERA 4 0 0
POSDN  91 19950312   3 50    0.44  0.063  16.12 ERA DOR ERA 4 9 0
TOPEX  92 19950322   1 49    0.08  0.205  12.47 ERA DOR ERA 4 0 0
TOPEX  93 19950331  23 47   -0.20  0.195  31.71 ERA DOR ERA 4 1 0
TOPEX  94 19950410  21 46   -0.33  0.172  16.27 ERA DOR ERA 4 0 0
TOPEX  95 19950420  19 44    0.47  0.069  12.55 ERA DOR ERA 4 1 0
TOPEX  96 19950430  17 43    0.03  0.095  14.17 ERA DOR ERA 4 0 0
POSDN  97 19950510  15 41  999.99 99.999 999.99 N/A N/A ERA 4 9 0
TOPEX  98 19950520  13 40   -0.11  0.091  14.59 ERA DOR ERA 4 0 0
TOPEX  99 19950530  11 38  999.99 99.999 999.99 ERA DOR ERA 4 0 0
TOPEX 100 19950609   9 37    0.01  0.186  13.84 ERA DOR ERA 4 0 0
TOPEX 101 19950619   7 35    0.49  0.100  13.53 ERA DOR ERA 4 1 0
TOPEX 102 19950629   5 34  999.99 99.999 999.99 ERA DOR ERA 4 0 0
POSDN 103 19950709   3 32  999.99 99.999 999.99 N/A N/A ERA 4 9 0
TOPEX 104 19950719   1 31    0.03  0.108  30.81 ERA DOR ERA 4 0 0
TOPEX 105 19950728  23 29    0.50  0.053  36.07 ERA DOR ERA 4 0 0
TOPEX 106 19950807  21 28    0.23  0.058  35.89 ERA DOR ERA 4 1 0
TOPEX 107 19950817  19 27    0.37  0.088  30.38 ERA DOR ERA 4 1 0
TOPEX 108 19950827  17 25    0.05  0.056  24.94 ERA DOR ERA 4 0 0
TOPEX 109 19950906  15 24    0.01  0.077  14.68 ERA DOR ERA 4 0 0
TOPEX 110 19950916  13 22  999.99 99.999 999.99 MER DOR ECM 4 1 0
TOPEX 111 19950926  11 21    0.02  0.111  12.15 ERA DOR ERA 4 0 0
TOPEX 112 19951006   9 19  999.99 99.999 999.99 ERA DOR ERA 4 1 0
TOPEX 113 19951016   7 18  999.99 99.999 999.99 MER DOR ECM 4 1 0
POSDN 114 19951026   5 16  999.99 99.999 999.99 N/A N/A ERA 4 9 0
TOPEX 115 19951105   3 15    0.06  0.054  40.73 ERA DOR ERA 4 1 0
TOPEX 116 19951115   1 13   -0.05  0.159  35.60 ERA DOR ERA 4 1 0
TOPEX 117 19951124  23 12    0.16  0.063  40.85 ERA DOR ERA 4 1 0
TOPEX 118 99999999  99 99  999.99 99.999 999.99 N/A N/A ERA 9 9 0
TOPEX 119 19951214  19  9   -0.26  0.107  15.03 ERA DOR ERA 4 0 0
TOPEX 120 19951224  17  7   -0.10  0.067  16.61 ERA DOR ERA 4 0 0
TOPEX 121 19960103  15  6    0.56  0.143  21.81 ERA DOR ERA 4 1 0
TOPEX 122 19960113  13  4    0.25  0.053  25.67 ERA DOR ERA 4 1 0
TOPEX 123 19960123  11  3  999.99 99.999 999.99 MER DOR ECM 3 0 0
TOPEX 124 19960202   9  1   -0.26  0.157  14.54 ERA DOR ERA 4 0 0
TOPEX 125 19960212   7  0  999.99 99.999 999.99 MER DOR ECM 3 0 0
POSDN 126 19960222   4 58  999.99 99.999 999.99 N/A N/A ERA 4 9 0
TOPEX 127 19960303   2 57    0.15  0.097  40.80 ERA DOR ERA 4 1 0
TOPEX 128 19960313   0 56   -0.19  0.084  12.28 ERA DOR ERA 4 0 0
TOPEX 129 19960322  22 54    0.18  0.064  16.02 ERA DOR ERA 4 0 0
TOPEX 130 19960401  20 53    0.22  0.127  27.05 ERA DOR ERA 4 0 0
TOPEX 131 19960411  18 51   -0.39  0.174  14.22 ERA DOR ERA 4 0 0
TOPEX 132 19960421  16 50    0.39  0.056  13.03 ERA DOR ERA 4 1 0
TOPEX 133 19960501  14 48  999.99 99.999 999.99 ERA DOR ERA 4 1 0
TOPEX 134 19960511  12 47   -0.45  0.130  16.25 ERA DOR ERA 4 0 0
TOPEX 135 19960521  10 45  999.99 99.999 999.99 ERA DOR ERA 3 0 0
TOPEX 136 19960531   8 44   -0.21  0.108  12.44 ERA NIC ERA 4 0 0
TOPEX 137 19960610   6 42    0.40  0.190  13.26 ERA NIC ERA 4 0 0
POSDN 138 19960620   4 41  999.99 99.999 999.99 N/A N/A ERA 4 9 0
TOPEX 139 19960630   2 39  999.99 99.999 999.99 MER DOR ECM 3 0 0
TOPEX 140 19960710   0 38    0.10  0.052  15.46 ERA NIC ERA 4 0 0
TOPEX 141 19960719  22 36    0.20  0.054  40.41 ERA NIC ERA 4 1 0
TOPEX 142 19960729  20 35  999.99 99.999 999.99 ERA NIC ERA 3 0 0
TOPEX 143 19960808  18 33   -0.53  0.180  20.98 ERA NIC ERA 4 0 0
TOPEX 144 19960818  16 32   -0.18  0.081  13.32 ERA NIC ERA 4 0 0
TOPEX 145 19960828  14 30  999.99 99.999 999.99 ERA NIC ERA 4 0 0
TOPEX 146 19960907  12 29   -0.69  0.176  14.49 ERA NIC ERA 4 0 0
TOPEX 147 19960917  10 28   -0.14  0.064  12.68 ERA NIC ERA 4 0 0
TOPEX 148 19960927   8 26  999.99 99.999 999.99 MER DOR ECM 3 1 0
TOPEX 149 19961007   6 25  999.99 99.999 999.99 MER NIC ECM 3 0 0
POSDN 150 19961017   4 23    0.03  0.053  12.95 ERA NIC ERA 4 9 0
TOPEX 151 19961027   2 22  999.99 99.999 999.99 ERA NIC ERA 4 1 0
TOPEX 152 19961106   0 20    0.16  0.063  40.43 ERA NIC ERA 4 1 0
TOPEX 153 19961115  22 19  999.99 99.999 999.99 ERA NIC ERA 4 1 0
TOPEX 154 19961125  20 17  999.99 99.999 999.99 MER DOR ECM 3 1 0
TOPEX 155 19961205  18 16  999.99 99.999 999.99 ERA NIC ERA 3 0 0
TOPEX 156 19961215  16 14  999.99 99.999 999.99 ERA NIC ERA 4 1 0
TOPEX 157 19961225  14 13  999.99 99.999 999.99 ERA NIC ERA 4 1 0
TOPEX 158 19970104  12 11  999.99 99.999 999.99 ERA NIC ERA 3 0 0
TOPEX 159 19970114  10 10  999.99 99.999 999.99 ERA NIC ERA 3 0 0
TOPEX 160 19970124   8  8  999.99 99.999 999.99 MER NIC ECM 3 0 0
TOPEX 161 19970203   6  7    0.04  0.086  13.14 ERA NIC ERA 4 0 0
POSDN 162 19970213   4  5  999.99 99.999 999.99 N/A N/A ERA 4 9 0
TOPEX 163 19970223   2  4    0.24  0.056  40.03 ERA NIC ERA 4 0 0
TOPEX 164 19970305   0  2    0.04  0.166  16.14 ERA NIC ERA 4 1 0
TOPEX 165 19970314  22  1    0.08  0.102  38.04 ERA NIC ERA 4 0 0
TOPEX 166 19970324  19 59    0.15  0.109  24.26 ERA NIC ERA 4 1 0
TOPEX 167 19970403  17 58  999.99 99.999 999.99 ERA NIC ERA 4 1 0
TOPEX 168 19970413  15 57   -0.62  0.177  17.65 ERA NIC ERA 4 0 0
TOPEX 169 19970423  13 55    0.27  0.090  13.60 ERA NIC ERA 4 1 0
TOPEX 170 19970503  11 54    0.15  0.172  16.46 ERA NIC ERA 4 1 0
TOPEX 171 19970513   9 52  999.99 99.999 999.99 ERA NIC ERA 4 1 0
TOPEX 172 19970523   7 51   -0.25  0.095  13.30 ERA NIC ERA 4 0 0
TOPEX 173 19970602   5 49    0.17  0.100  12.99 ERA NIC ERA 4 0 0
POSDN 174 19970612   3 48    0.13  0.052  13.46 ERA NIC ERA 4 9 0
TOPEX 175 19970622   1 46    0.25  0.213  19.46 ERA NIC ERA 4 1 0
TOPEX 176 19970701  23 45    0.42  0.136  24.01 ERA NIC ERA 4 1 0
TOPEX 177 19970711  21 43  999.99 99.999 999.99 N/A DOR ECM 3 0 0
TOPEX 178 19970721  19 42    0.05  0.086  13.34 ERA NIC ERA 4 0 0
TOPEX 179 19970731  17 40   -0.21  0.106  21.35 ERA NIC ERA 4 0 0
POSDN 180 19970810  15 39  999.99 99.999 999.99 N/A N/A ERA 4 9 0
TOPEX 181 19970820  13 37   -0.41  0.104  13.15 ERA NIC ERA 4 0 0
TOPEX 182 19970830  11 36   -0.55  0.119  14.33 ERA NIC ERA 4 0 0
TOPEX 183 19970909   9 34  999.99 99.999 999.99 ERA NIC ERA 3 0 0
TOPEX 184 19970919   7 33  999.99 99.999 999.99 MER DOR ECM 4 1 0
TOPEX 185 19970929   5 31    0.12  0.068  40.51 ERA NIC ERA 4 1 0
POSDN 186 19971009   3 30  999.99 99.999 999.99 N/A N/A ERA 4 9 0
TOPEX 187 19971019   1 29   -0.18  0.079  38.43 ERA NIC ERA 4 1 0
TOPEX 188 19971028  23 27    0.30  0.070  39.33 ERA NIC ERA 4 0 0
TOPEX 189 19971107  21 26  999.99 99.999 999.99 N/A DOR ECM 3 0 0
TOPEX 190 19971117  19 24   -0.30  0.061  15.88 ERA NIC ERA 4 0 0
TOPEX 191 19971127  17 23   -0.24  0.162  14.57 ERA NIC ERA 4 0 0
TOPEX 192 19971207  15 21   -0.15  0.080  15.47 ERA NIC ERA 3 0 0
TOPEX 193 19971217  13 20    0.04  0.105  18.35 ERA NIC ERA 4 0 0
TOPEX 194 19971227  11 18  999.99 99.999  15.14 MER DOR ECM 4 1 0
TOPEX 195 19980106   9 17   -0.02  0.070  13.93 ERA NIC ERA 4 1 0
TOPEX 196 19980116   7 15    0.05  0.055  37.95 ERA NIC ERA 4 1 0
POSDN 197 19980126   5 14  999.99 99.999 999.99 N/A N/A ERA 4 9 0
TOPEX 198 19980205   3 12  999.99 99.999 999.99 MER DOR ECM 2 0 0
TOPEX 199 19980215   1 11    0.01  0.062  13.65 ERA NIC ERA 4 0 0
TOPEX 200 19980224  23  9   -0.45  0.203  13.60 ERA NIC ERA 4 0 0
TOPEX 201 19980306  21  8  999.99 99.999 999.99 N/A DOR ECM 4 0 0
TOPEX 202 19980316  19  6   -0.55  0.090  29.36 ERA NIC ERA 4 0 0
TOPEX 203 19980326  17  5   -0.26  0.114  12.98 ERA NIC ERA 4 0 0
TOPEX 204 19980405  15  3    0.61  0.063  12.56 ERA NIC ERA 4 0 0
TOPEX 205 19980415  13  2   -0.04  0.130  12.01 ERA NIC ERA 4 0 0
TOPEX 206 19980425  11  1  999.99 99.999 999.99 MER DOR ECM 4 1 0
TOPEX 207 19980505   8 59    0.39  0.175  12.49 ERA NIC ERA 4 0 0
TOPEX 208 19980515   6 58    0.51  0.099  12.75 ERA NIC ERA 4 0 0
POSDN 209 19980525   4 56  999.99 99.999 999.99 N/A N/A ERA 4 9 0
TOPEX 210 99999999  99 99  999.99 99.999 999.99 N/A N/A ERA 9 9 0
TOPEX 211 19980614   2 22  999.99 99.999 999.99 N/A N/A ERA 9 9 0
TOPEX 212 19980623  22 52  999.99 99.999 999.99 ERA NIC ERA 3 0 0
TOPEX 213 19980703  20 50  999.99 99.999 999.99 ERA NIC ERA 4 0 0
TOPEX 214 19980713  18 49  999.99 99.999 999.99 ERA NIC ERA 3 0 0
TOPEX 215 19980723  16 47  999.99 99.999 999.99 ERA NIC ERA 4 0 0
POSDN 216 19980802  14 46  999.99 99.999 999.99 N/A N/A ERA 4 9 0
TOPEX 217 19980812  12 44   -0.14  0.078  16.40 ERA NIC ERA 4 0 0
TOPEX 218 19980822  10 43    0.05  0.081  13.67 ERA NIC ERA 4 1 0
TOPEX 219 19980901   8 41  999.99 99.999 999.99 ERA NIC ERA 3 0 0
TOPEX 220 19980911   6 40  999.99 99.999 999.99 MER DOR ECM 4 0 0
TOPEX 221 19980921   4 38   -0.54  0.121  12.03 ERA GIM ERA 4 0 0
TOPEX 222 19981001   2 37    0.21  0.079  41.34 ERA GIM ERA 4 1 0
TOPEX 223 19981011   0 35  999.99 99.999 999.99 MER DOR ECM 3 0 0
POSDN 224 19981020  22 34  999.99 99.999 999.99 N/A N/A ERA 4 9 0
TOPEX 225 19981030  20 32   -0.33  0.081  13.39 ERA GIM ERA 4 0 0
TOPEX 226 19981109  18 31   -0.43  0.093  13.32 ERA GIM ERA 4 0 0
TOPEX 227 19981119  16 30   -0.37  0.204  12.31 ERA GIM ERA 4 1 0
TOPEX 228 19981129  14 28   -0.18  0.128  15.36 ERA GIM ERA 4 0 0
TOPEX 229 19981209  12 27  999.99 99.999 999.99 ERA GIM ERA 4 1 0
TOPEX 230 19981219  10 25  999.99 99.999 999.99 MER BNT ECM 4 0 0
TOPEX 231 19981229   8 24  999.99 99.999 999.99 MER DOR ECM 3 0 0
TOPEX 232 19990108   6 22    0.12  0.063  34.22 ERA GIM ERA 4 1 0
TOPEX 233 19990118   4 21    0.10  0.065  38.68 ERA GIM ERA 4 0 0
POSDN 234 19990128   2 19    0.06  0.053  14.98 ERA GIM ERA 4 9 0
TOPEX 235 19990207   0 18    0.10  0.096 999.99 ERA GIM ERA 4 1 0
TOPEX 236 19990216  22 16  999.99 99.999 999.99 ERA GIM ERA 4 1 0
TOPEX 237 19990226  20 15   -0.18  0.074  19.77 ERA GIM ERA 4 0 0
TOPEX 238 19990308  18 13   -0.26  0.193  21.79 ERA GIM ERA 4 1 0
TOPEX 239 19990318  16 12   -0.56  0.128  34.67 ERA GIM ERA 4 0 0
TOPEX 240 19990328  14 10  999.99 99.999 999.99 ERA GIM ERA 3 0 0
TOPEX 241 19990407  12  9  999.99 99.999 999.99 MER DOR ECM 4 0 0
TOPEX 242 19990417  10  7  999.99 99.999 999.99 ERA GIM ERA 3 0 0
POSDN 243 19990427   8  6  999.99 99.999 999.99 N/A N/A ERA 4 9 0
TOPEX 244 19990507   6  4  999.99 99.999 999.99 ERA GIM ERA 3 1 0
TOPEX 245 19990517   4  3    0.27  0.057  40.64 ERA GIM ERA 4 1 0
TOPEX 246 19990527   2  1  999.99 99.999 999.99 ERA GIM ERA 4 0 0
TOPEX 247 19990606   0  0    0.11  0.177  33.17 ERA GIM ERA 4 1 0
TOPEX 248 19990615  21 59  999.99 99.999 999.99 N/A DOR ECM 3 0 0
TOPEX 249 19990625  19 57  999.99 99.999 999.99 MER BNT ECM 4 0 0
TOPEX 250 19990705  17 56  999.99 99.999 999.99 ERA GIM ERA 3 0 0
TOPEX 251 19990715  15 54    0.04  0.147  15.72 ERA GIM ERA 4 0 0
TOPEX 252 19990725  13 53    0.14  0.062  24.72 ERA GIM ERA 4 0 0
TOPEX 253 19990804  11 51  999.99 99.999 999.99 ERA GIM ERA 4 0 0
TOPEX 254 19990814   9 50  999.99 99.999 999.99 MER GIM ECM 4 1 0
TOPEX 255 19990824   7 48  999.99 99.999 999.99 ERA GIM ERA 4 0 0
TOPEX 256 99999999  99 99  999.99 99.999 999.99 N/A N/A ERA 9 9 0
TOPEX 257 19990913   3 45    0.01  0.055 999.99 ERA GIM ERA 4 1 0
TOPEX 258 19990923   1 44  999.99 99.999 999.99 MER DOR ECM 2 0 0
TOPEX 259 19991002  23 42    0.03  0.090  36.25 ERA GIM ERA 4 1 0
TOPEX 260 19991012  21 41   -0.09  0.059  34.48 ERA GIM ERA 4 0 0
TOPEX 261 19991022  19 39   -0.08  0.058  31.60 ERA GIM ERA 4 0 0
TOPEX 262 19991101  17 38  999.99 99.999 999.99 ERA GIM ERA 4 1 0
TOPEX 263 19991111  15 36   -0.60  0.161  18.43 ERA GIM ERA 4 1 0
TOPEX 264 19991121  13 35   -0.10  0.089  13.81 ERA GIM ERA 4 0 0
TOPEX 265 19991201  11 33   -0.19  0.092  28.44 ERA GIM ERA 4 0 0
POSDN 266 19991211   9 32  999.99 99.999 999.99 N/A N/A ERA 4 9 0
TOPEX 267 19991221   7 30  999.99 99.999 999.99 MER DOR ECM 3 1 0
TOPEX 268 19991231   5 29  999.99 99.999 999.99 MER DOR ECM 3 1 0
TOPEX 269 20000110   3 28  999.99 99.999 999.99 MER DOR ECM 3 0 0
TOPEX 270 20000120   1 26    0.08  0.053  40.82 ERA GIM ERA 4 1 0
TOPEX 271 20000129  23 25    0.05  0.064  36.24 ERA GIM ERA 4 0 0
TOPEX 272 20000208  21 23   -0.38  0.127  31.13 ERA GIM ERA 4 1 0
TOPEX 273 20000218  19 22  999.99 99.999 999.99 ERA GIM ERA 3 1 0
TOPEX 274 20000228  17 20  999.99 99.999 999.99 ERA GIM ERA 3 0 0
TOPEX 275 20000309  15 19  999.99 99.999 999.99 ERA GIM ERA 4 1 0
TOPEX 276 20000319  13 17   -0.41  0.142  31.26 ERA GIM ERA 4 1 0
TOPEX 277 20000329  11 16  999.99 99.999 999.99 ERA GIM ERA 3 0 0
POSDN 278 20000408   9 14  999.99 99.999 999.99 N/A N/A ERA 4 9 0
TOPEX 279 20000418   7 13  999.99 99.999 999.99 ERA GIM ERA 3 0 0
TOPEX 280 20000428   5 11    0.09  0.068  12.83 ERA GIM ERA 4 1 0
TOPEX 281 20000508   3 10   -0.15  0.228  12.76 ERA GIM ERA 4 1 0
TOPEX 282 20000518   1  8  999.99 99.999 999.99 MER DOR ECM 3 0 0
TOPEX 283 20000527  23  7  999.99 99.999 999.99 N/A DOR ECM 2 0 0
TOPEX 284 20000606  21  5    0.47  0.059  39.23 ERA GIM ERA 4 1 0
TOPEX 285 20000616  19  4    0.63  0.078  31.03 ERA GIM ERA 4 0 0
TOPEX 286 20000626  17  2    0.82  0.092  24.09 ERA GIM ERA 4 0 0
TOPEX 287 20000706  15  1   -0.32  0.095  14.05 ERA GIM ERA 4 0 0
TOPEX 288 20000716  12 59   -0.31  0.126  13.52 ERA GIM ERA 4 0 0
POSDN 289 20000726  10 58  999.99 99.999 999.99 N/A N/A ERA 4 9 0
TOPEX 290 20000805   8 57   -0.42  0.168  12.96 ERA GIM ERA 4 0 0
TOPEX 291 20000815   6 55  999.99 99.999 999.99 ERA GIM ERA 3 0 0
TOPEX 292 20000825   4 54  999.99 99.999 999.99 ERA GIM ERA 4 1 0
TOPEX 293 20000904   2 52   -0.06  0.085  39.68 ERA GIM ERA 4 1 0
TOPEX 294 20000914   0 51  999.99 99.999 999.99 ERA GIM ERA 3 1 0
TOPEX 295 20000923  22 49  999.99 99.999 999.99 N/A DOR ECM 3 1 0
TOPEX 296 20001003  20 48    0.11  0.174  31.02 ERA GIM ERA 4 0 0
TOPEX 297 20001013  18 46    0.04  0.142  13.34 ERA GIM ERA 4 0 0
TOPEX 298 20001023  16 45   -0.22  0.199  18.96 ERA GIM ERA 4 1 0
POSDN 299 20001102  14 43   -0.64  0.143  17.64 ERA GIM ERA 4 9 0
TOPEX 300 20001112  12 42  999.99 99.999 999.99 MER DOR ECM 3 1 0
TOPEX 301 20001122  10 40  999.99 99.999 999.99 ERA GIM ERA 4 1 0
TOPEX 302 20001202   8 39   -0.03  0.071  34.31 ERA GIM ERA 4 1 0
TOPEX 303 20001212   6 37  999.99 99.999 999.99 ERA GIM ERA 4 1 0
TOPEX 304 20001222   4 36   -0.10  0.056  39.42 ERA GIM ERA 4 1 0
TOPEX 305 20010101   2 34  999.99 99.999 999.99 MER DOR ECM 4 0 0
TOPEX 306 20010111   0 33   -0.72  0.145  16.93 ERA GIM ERA 4 0 0
POSDN 307 20010120  23 14  999.99 99.999 999.99 N/A N/A ERA 9 9 0
TOPEX 308 20010130  20 30   -0.23  0.068  11.40 ERA GIM ERA 4 0 0
TOPEX 309 20010209  18 28  999.99 99.999 999.99 ERA GIM ERA 4 1 0
TOPEX 310 20010219  16 27    0.46  0.111  15.42 ERA GIM ERA 4 1 0
TOPEX 311 20010301  14 26    0.49  0.238  19.71 ERA GIM ERA 3 1 0
TOPEX 312 20010311  12 24   -0.29  0.080  13.98 ERA GIM ERA 4 0 0
TOPEX 313 20010321  10 23   -0.10  0.059  31.48 ERA GIM ERA 4 0 0
TOPEX 314 20010331   8 21  999.99 99.999 999.99 MER GIM ECM 3 0 0
TOPEX 315 20010410   6 20   -0.09  0.117  12.40 ERA GIM ERA 4 0 0
TOPEX 316 20010420   4 18  999.99 99.999 999.99 MER DOR ECM 2 0 0
TOPEX 317 20010430   2 17    0.16  0.079  39.84 ERA GIM ERA 4 1 0
TOPEX 318 20010510   0 15  999.99 99.999 999.99 MER DOR ECM 3 1 0
TOPEX 319 20010519  22 14  999.99 99.999 999.99 ERA GIM ERA 4 1 0
TOPEX 320 20010529  20 12  999.99 99.999 999.99 MER DOR ECM 4 0 0
TOPEX 321 20010608  18 11    0.18  0.060  22.77 ERA GIM ERA 4 1 0
TOPEX 322 20010618  16  9   -0.16  0.070  14.71 ERA GIM ERA 4 0 0
TOPEX 323 20010628  14  8   -0.35  0.102  14.02 ERA GIM ERA 4 0 0
TOPEX 324 20010708  12  6   -0.16  0.113  14.17 ERA GIM ERA 4 0 0
TOPEX 325 20010718  10  5  999.99 99.999 999.99 MER DOR ECM 4 1 0
TOPEX 326 20010728   8  3  999.99 99.999 999.99 ERA GIM ERA 4 0 0
TOPEX 327 20010807   6  2  999.99 99.999 999.99 N/A N/A ERA 3 0 0
TOPEX 328 20010817   4  0  999.99 99.999 999.99 MER DOR ECM 3 1 0
TOPEX 329 20010827   1 59  999.99 99.999 999.99 MER DOR ECM 3 0 0
TOPEX 330 20010905  23 57   -0.24  0.111  19.61 ERA GIM ERA 4 0 0
TOPEX 331 20010915  21 56  999.99 99.999 999.99 N/A N/A ERA 2 0 0
TOPEX 332 20010925  19 55   -0.08  0.089  32.60 ERA GIM ERA 4 0 0
TOPEX 333 20011005  17 53  999.99 99.999 999.99 ERA GIM ERA 3 0 0
TOPEX 334 20011015  15 52   -0.53  0.080  17.59 ERA GIM ERA 4 0 0
TOPEX 335 20011025  13 50  999.99 99.999 999.99 ERA GIM ERA 4 0 0
TOPEX 336 20011104  11 49   -0.07  0.061  15.48 ERA GIM ERA 4 0 0
TOPEX 337 20011114   9 47  999.99 99.999 999.99 MER DOR ECM 3 1 0
TOPEX 338 20011124   7 46  999.99 99.999 999.99 ERA GIM ERA 4 0 0
TOPEX 339 20011204   5 44   -0.41  0.069  10.77 ERA GIM ERA 4 0 0
TOPEX 340 20011214   3 43   -0.14  0.064 999.99 ERA GIM ERA 4 1 0
TOPEX 341 20011224   1 41  999.99 99.999 999.99 MER DOR ECM 3 0 0
TOPEX 342 20020102  23 40  999.99 99.999 999.99 N/A DOR ECM 2 0 0
TOPEX 343 20020112  21 38  999.99 99.999 999.99 ERA GIM ERA 3 1 0
TOPEX 344 20020122  19 37   -0.27  0.085  23.07 ERA GIM ERA 4 0 0
TOPEX 345 20020201  17 35   -0.09  0.076  14.31 ERA GIM ERA 4 0 0
TOPEX 346 20020211  15 34  999.99 99.999 999.99 ERA GIM ERA 4 1 0
TOPEX 347 20020221  13 32  999.99 99.999 999.99 ERA GIM ERA 4 0 0
TOPEX 348 20020303  11 31  999.99 99.999 999.99 ERA GIM ERA 4 1 0
TOPEX 349 20020313   9 29   -0.27  0.099  17.21 ERA GIM ERA 4 0 0
TOPEX 350 20020323   7 28   -0.30  0.068  12.61 ERA GIM ERA 4 0 0
TOPEX 351 20020402   5 26   -0.22  0.093  15.38 ERA GIM ERA 4 0 0
TOPEX 352 20020412   3 25  999.99 99.999 999.99 ERA GIM ERA 3 0 0
TOPEX 353 20020422   1 24  999.99 99.999 999.99 ERA GIM ERA 3 1 0
TOPEX 354 20020501  23 22   -0.42  0.153  29.26 ERA GIM ERA 4 0 0
TOPEX 355 20020511  21 21  999.99 99.999 999.99 N/A GIM ECM 4 0 0
TOPEX 356 20020521  19 19  999.99 99.999 999.99 ERA GIM ERA 4 0 0
TOPEX 357 20020531  17 18   -0.02  0.157  21.50 ERA GIM ERA 4 0 0
TOPEX 358 20020610  15 16    0.00  0.112  14.25 ERA GIM ERA 4 0 0
TOPEX 359 20020620  13 15   -0.21  0.070  20.48 ERA GIM ERA 4 0 0
TOPEX 360 20020630  11 13  999.99 99.999 999.99 ERA GIM ERA 4 0 0
POSDN 361 20020710   9 12    0.04  0.058  15.00 ERA GIM ERA 4 9 0
TOPEX 362 20020720   7 10   -0.41  0.096  12.85 ERA GIM ERA 4 0 0
TOPEX 363 20020730   5  9   -0.01  0.084  31.92 ERA GIM ERA 4 1 0
TOPEX 364 20020809   3  7  999.99 99.999 999.99 MER BNT ECM 3 0 0
JASN1   1 20020122  19 36   -0.17  0.051  27.62 JMR GIM ERA 9 9 0
JASN1   2 20020201  17 34   -0.28  0.054  18.28 JMR GIM ERA 9 9 0
JASN1   3 20020211  15 33   -0.19  0.061  25.64 JMR GIM ERA 9 9 0
JASN1   4 20020221  13 31  999.99 99.999 999.99 N/A N/A ERA 9 9 0
JASN1   5 20020303  11 30   -0.14  0.052  22.52 JMR GIM ERA 9 9 0
JASN1   6 20020313   9 28   -0.14  0.055  19.64 JMR GIM ERA 9 9 0
JASN1   7 20020323   7 27   -0.11  0.052  17.12 JMR GIM ERA 9 9 0
JASN1   8 20020402   5 25   -0.17  0.052  19.25 JMR GIM ERA 9 9 0
JASN1   9 20020412   3 24  999.99 99.999 999.99 ERA GIM ERA 9 9 0
JASN1  10 20020422   1 22  999.99 99.999 999.99 N/A N/A ERA 9 9 0
JASN1  11 20020501  23 21  999.99 99.999 999.99 N/A N/A ERA 9 9 0
JASN1  12 20020511  21 19  999.99 99.999 999.99 ERA GIM ERA 9 9 0
JASN1  13 20020521  19 18  999.99 99.999 999.99 ERA GIM ERA 9 9 0
JASN1  14 20020531  17 16   -0.24  0.081  25.56 JMR GIM ERA 9 9 0
JASN1  15 20020610  15 15    0.01  0.051  20.08 ERA GIM ERA 9 9 0
JASN1  16 20020620  13 13   -0.46  0.109  23.16 JMR GIM ERA 9 9 0
JASN1  17 20020630  11 12   -0.13  0.051  23.38 JMR GIM ERA 9 9 0
JASN1  18 20020710   9 11    0.00  0.052  18.66 JMR GIM ERA 9 9 0
JASN1  19 20020720   7  9   -0.19  0.054  19.33 JMR GIM ERA 9 9 0
JASN1  20 20020730   5  8  999.99 99.999 999.99 JMR GIM ERA 9 9 0
JASN1  21 20020809   3  6  999.99 99.999 999.99 ERA GIM ERA 9 9 0
JASN1  22 20020819   1  5  999.99 99.999 999.99 JMR GIM ERA 9 9 0
JASN1  23 20020828  23  3  999.99 99.999 999.99 N/A N/A ERA 9 9 0
JASN1  24 20020907  21  2  999.99 99.999 999.99 N/A N/A ERA 9 9 0
JASN1  25 20020917  19  0  999.99 99.999 999.99 ERA GIM ERA 9 9 0
JASN1  26 20020927  16 59   -0.40  0.054  21.85 JMR GIM ERA 9 9 0
JASN1  27 20021007  14 57   -0.49  0.084  21.83 JMR GIM ERA 9 9 0
JASN1  28 20021017  12 56   -0.38  0.052  16.26 JMR GIM ERA 9 9 0
JASN1  29 20021027  10 54   -0.41  0.052  18.32 JMR GIM ERA 9 9 0
JASN1  30 20021106   8 53  999.99 99.999 999.99 N/A N/A ERA 9 9 0
JASN1  31 20021116   6 51  999.99 99.999 999.99 N/A N/A ERA 9 9 0
JASN1  32 20021126   4 50   -0.39  0.052  17.78 JMR GIM ERA 9 9 0
JASN1  33 20021206   2 48  999.99 99.999 999.99 JMR GIM ERA 9 9 0
JASN1  34 20021216   0 47  999.99 99.999 999.99 N/A N/A ERA 9 9 0
JASN1  35 20021225  22 45  999.99 99.999 999.99 JMR GIM ERA 9 9 0
JASN1  36 20030104  20 44  999.99 99.999 999.99 N/A N/A ERA 9 9 0
JASN1  37 20030114  18 43  999.99 99.999 999.99 N/A N/A ERA 9 9 0
JASN1  38 20030124  16 41  999.99 99.999 999.99 N/A N/A ERA 9 9 0
JASN1  39 20030203  14 40  999.99 99.999 999.99 N/A N/A ERA 9 9 0
JASN1  40 20030213  12 38  999.99 99.999 999.99 JMR GIM ERA 9 9 0
JASN1  41 20030223  10 37  999.99 99.999 999.99 JMR GIM ERA 9 9 0
JASN1  42 20030305   8 35   -0.28  0.064  20.45 JMR GIM ERA 9 9 0
JASN1  43 20030315   6 34   -0.20  0.052  18.54 JMR GIM ERA 9 9 0
JASN1  44 20030325   4 32   -0.22  0.052  16.49 JMR GIM ERA 9 9 0
JASN1  45 20030404   2 31   -0.20  0.051  13.38 JMR GIM ERA 9 9 0
JASN1  46 20030414   0 29   -0.21  0.052  16.97 JMR GIM ERA 9 9 0
JASN1  47 20030423  22 28  999.99 99.999 999.99 N/A N/A ERA 9 9 0
JASN1  48 20030503  20 26  999.99 99.999 999.99 JMR GIM ERA 9 9 0
JASN1  49 20030513  18 25  999.99 99.999 999.99 N/A N/A ERA 9 9 0
JASN1  50 20030523  16 23  999.99 99.999 999.99 JMR GIM ERA 9 9 0
JASN1  51 20030602  14 22  999.99 99.999 999.99 JMR GIM ERA 9 9 0
JASN1  52 20030612  12 20   -0.18  0.052  18.66 JMR GIM ERA 9 9 0
JASN1  53 20030622  10 19  999.99 99.999 999.99 N/A N/A ERA 9 9 0
JASN1  54 20030702   8 17  999.99 99.999 999.99 N/A N/A ERA 9 9 0
JASN1  55 20030712   6 16  999.99 99.999 999.99 JMR GIM ERA 9 9 0
JASN1  56 20030722   4 15  999.99 99.999 999.99 JMR GIM ERA 9 9 0
JASN1  57 20030801   2 13  999.99 99.999 999.99 N/A N/A ERA 9 9 0
JASN1  58 20030811   0 12  999.99 99.999 999.99 N/A N/A ERA 9 9 0
JASN1  59 20030820  22 10  999.99 99.999 999.99 N/A N/A ERA 9 9 0
JASN1  60 20030830  20  9  999.99 99.999 999.99 N/A N/A ERA 9 9 0
JASN1  61 20030909  18  7   -0.35  0.052  16.78 JMR GIM ERA 9 9 0
JASN1  62 20030919  16  6   -0.31  0.056  29.37 ERA GIM ERA 9 9 0
JASN1  63 20030929  14  4  999.99 99.999 999.99 JMR GIM ERA 9 9 0
JASN1  64 20031009  12  3  999.99 99.999 999.99 N/A N/A ERA 9 9 0
JASN1  65 20031019  10  1  999.99 99.999 999.99 N/A N/A ERA 9 9 0
JASN1  66 20031029   8  0  999.99 99.999 999.99 N/A N/A ERA 9 9 0
JASN1  67 20031108   5 58  999.99 99.999 999.99 N/A N/A ERA 9 9 0
JASN1  68 20031118   3 57  999.99 99.999 999.99 N/A N/A ERA 9 9 0
JASN1  69 99999999  99 99  999.99 99.999 999.99 N/A N/A ERA 9 9 0
JASN1  70 20031207  23 54  999.99 99.999 999.99 N/A N/A ERA 9 9 0
JASN1  71 20031217  21 52  999.99 99.999 999.99 JMR GIM ERA 9 9 0
JASN1  72 20031227  19 51   -0.43  0.052  19.43 JMR GIM ERA 9 9 0
JASN1  73 20040106  17 50   -0.45  0.053  26.44 JMR GIM ERA 9 9 0
JASN1  74 20040116  15 48   -0.21  0.060  28.43 JMR GIM ERA 9 9 0
JASN1  75 20040126  13 47  999.99 99.999 999.99 JMR GIM ERA 9 9 0
JASN1  76 20040205  11 45   -0.31  0.052  17.23 JMR GIM ERA 9 9 0
JASN1  77 99999999  99 99  999.99 99.999 999.99 N/A N/A ERA 9 9 0
JASN1  78 20040225   7 42   -0.23  0.053  22.44 JMR GIM ERA 9 9 0
JASN1  79 20040306   5 41  999.99 99.999 999.99 JMR GIM ERA 9 9 0
JASN1  80 20040316   3 39  999.99 99.999 999.99 JMR GIM ERA 9 9 0
JASN1  81 20040326   1 38  999.99 99.999 999.99 N/A N/A ERA 9 9 0
JASN1  82 99999999  99 99  999.99 99.999 999.99 N/A N/A ERA 9 9 0
JASN1  83 20040414  21 35  999.99 99.999 999.99 N/A N/A ERA 9 9 0
JASN1  84 20040424  19 33  999.99 99.999 999.99 N/A N/A ERA 9 9 0
JASN1  85 20040504  17 32   -0.09  0.052  20.72 ERA GIM ERA 9 9 0
JASN1  86 20040514  15 30  999.99 99.999 999.99 JMR GIM ERA 9 9 0
JASN1  87 20040524  13 29   -0.23  0.052  16.79 JMR GIM ERA 9 9 0
JASN1  88 20040603  11 27  999.99 99.999 999.99 JMR GIM ERA 9 9 0
JASN1  89 20040613   9 26   -0.29  0.053  19.87 JMR GIM ERA 9 9 0
JASN1  90 20040623   7 24   -0.27  0.051  19.09 ERA GIM ERA 9 9 0
JASN1  91 20040703   5 23   -0.36  0.052  18.96 JMR GIM ERA 9 9 0
JASN1  92 20040713   3 22  999.99 99.999 999.99 N/A N/A ERA 9 9 0
JASN1  93 20040723   1 20   -0.22  0.052  19.31 JMR GIM ERA 9 9 0
JASN1  94 20040801  23 19  999.99 99.999 999.99 N/A N/A ERA 9 9 0
JASN1  95 20040811  21 17  999.99 99.999 999.99 N/A N/A ERA 9 9 0
JASN1  96 20040821  19 16  999.99 99.999 999.99 N/A N/A ERA 9 9 0
JASN1  97 20040831  17 14  999.99 99.999 999.99 N/A N/A ERA 9 9 0
JASN1  98 20040910  15 13   -0.28  0.053  27.13 JMR GIM ERA 9 9 0
JASN1  99 20040920  13 11   -0.56  0.053  17.35 JMR GIM ERA 9 9 0
JASN1 100 20040930  11 10   -0.63  0.054  18.34 JMR GIM ERA 9 9 0
JASN1 101 20041010   9  8   -0.60  0.052  17.65 JMR GIM ERA 9 9 0
JASN1 102 20041020   7  7  999.99 99.999 999.99 N/A N/A ERA 9 9 0
JASN1 103 20041030   5  5  999.99 99.999 999.99 N/A N/A ERA 9 9 0
JASN1 104 20041109   3  4  999.99 99.999 999.99 JMR GIM ERA 9 9 0
JASN1 105 20041119   1  2  999.99 99.999 999.99 JMR GIM ERA 9 9 0
JASN1 106 20041128  23  1   -0.49  0.051  14.93 JMR GIM ERA 9 9 0
JASN1 107 20041208  21  0  999.99 99.999 999.99 N/A N/A ERA 9 9 0
JASN1 108 20041218  18 58  999.99 99.999 999.99 N/A N/A ERA 9 9 0
JASN1 109 20041228  16 57  999.99 99.999 999.99 N/A N/A ERA 9 9 0
JASN1 110 20050107  14 55  999.99 99.999 999.99 N/A N/A ERA 9 9 0
JASN1 111 20050117  12 54   -0.41  0.057  27.36 JMR GIM ERA 9 9 0
JASN1 112 20050127  10 52   -0.49  0.054  22.85 JMR GIM ERA 9 9 0
JASN1 113 20050206   8 51  999.99 99.999 999.99 N/A N/A ERA 9 9 0
JASN1 114 20050216   6 49  999.99 99.999 999.99 N/A N/A ERA 9 9 0
JASN1 115 20050226   4 48  999.99 99.999 999.99 N/A N/A ERA 9 9 0
JASN1 116 20050308   2 46  999.99 99.999 999.99 N/A N/A ERA 9 9 0
JASN1 117 20050318   0 45  999.99 99.999 999.99 JMR GIM ERA 9 9 0
JASN1 118 20050327  23 22  999.99 99.999 999.99 N/A N/A ERA 9 9 0
JASN1 119 20050406  20 42  999.99 99.999 999.99 N/A N/A ERA 9 9 0
JASN1 120 20050416  18 40  999.99 99.999 999.99 N/A N/A ERA 9 9 0
JASN1 121 20050426  16 39   -0.26  0.052  24.24 JMR GIM ERA 9 9 0
JASN1 122 20050506  14 37   -0.21  0.051  13.73 JMR GIM ERA 9 9 0
JASN1 123 20050516  12 36  999.99 99.999 999.99 N/A N/A ERA 9 9 0
JASN1 124 20050526  10 34  999.99 99.999 999.99 JMR GIM ERA 9 9 0
JASN1 125 20050605   8 33   -0.17  0.052  19.25 JMR GIM ERA 9 9 0
JASN1 126 20050615   6 32  999.99 99.999 999.99 N/A N/A ERA 9 9 0
JASN1 127 20050625   4 30   -0.30  0.051  17.38 JMR GIM ERA 9 9 0
JASN1 128 20050705   2 29   -0.27  0.056  18.26 ERA GIM ERA 9 9 0
JASN1 129 20050715   0 27  999.99 99.999 999.99 JMR GIM ERA 9 9 0
JASN1 130 20050724  22 26  999.99 99.999 999.99 ERA GIM ERA 9 9 0
JASN1 131 20050803  20 24  999.99 99.999 999.99 N/A N/A ERA 9 9 0
JASN1 132 20050813  18 23   -0.11  0.054  20.56 JMR GIM ERA 9 9 0
JASN1 133 20050823  16 21  999.99 99.999 999.99 JMR GIM ERA 9 9 0
JASN1 134 20050902  14 20  999.99 99.999 999.99 N/A N/A ERA 9 9 0
JASN1 135 20050912  12 18   -0.37  0.056  21.40 JMR GIM ERA 9 9 0
JASN1 136 99999999  99 99  999.99 99.999 999.99 N/A N/A ERA 9 9 0
JASN1 137 20051002   8 15  999.99 99.999 999.99 JMR GIM ERA 9 9 0
JASN1 138 20051012   6 14  999.99 99.999 999.99 N/A N/A ERA 9 9 0
JASN1 139 20051022   4 12  999.99 99.999 999.99 JMR GIM ERA 9 9 0
JASN1 140 20051101   2 11  999.99 99.999 999.99 N/A N/A ERA 9 9 0
JASN1 141 20051110   0 10  999.99 99.999 999.99 N/A N/A ERA 9 9 0
JASN1 142 20051120  22  8  999.99 99.999 999.99 N/A N/A ERA 9 9 0
JASN1 143 20051130  20  7  999.99 99.999 999.99 N/A N/A ERA 9 9 0
JASN1 144 20051210  18  5  999.99 99.999 999.99 JMR GIM ERA 9 9 0
JASN1 145 20051220  16  4  999.99 99.999 999.99 N/A N/A ERA 9 9 0
JASN1 146 20051230  14  2   -0.64  0.058  28.17 JMR GIM ERA 9 9 0
JASN1 147 20060109  12  1  999.99 99.999 999.99 JMR GIM ERA 9 9 0
JASN1 148 20060119   9 59   -0.68  0.057  24.69 JMR GIM ERA 9 9 0
JASN1 149 20060129   7 58  999.99 99.999 999.99 JMR GIM ERA 9 9 0
JASN1 150 20060208   5 56  999.99 99.999 999.99 JMR GIM ERA 9 9 0
JASN1 151 20060218   3 55   -0.38  0.052  14.14 JMR GIM ERA 9 9 0
JASN1 152 99999999  99 99  999.99 99.999 999.99 N/A N/A ERA 9 9 0
JASN1 153 20060309  23 52   -0.27  0.052  15.40 ERA GIM ERA 9 9 0
JASN1 154 20060319  21 50  999.99 99.999 999.99 JMR GIM ERA 9 9 0
JASN1 155 20060329  19 49   -0.39  0.052  16.42 JMR GIM ERA 9 9 0
JASN1 156 20060408  17 47   -0.47  0.087  25.42 JMR GIM ERA 9 9 0
JASN1 157 20060418  15 46   -0.29  0.054  17.50 JMR GIM ERA 9 9 0
JASN1 158 20060428  13 45  999.99 99.999 999.99 JMR GIM ERA 9 9 0
JASN1 159 20060508  11 43  999.99 99.999 999.99 N/A N/A ERA 9 9 0
JASN1 160 20060518   9 42   -0.27  0.052  18.19 JMR GIM ERA 9 9 0
JASN1 161 20060528   7 40   -0.26  0.051  15.05 ERA GIM ERA 9 9 0
JASN1 162 20060607   5 39  999.99 99.999 999.99 JMR GIM ERA 9 9 0
JASN1 163 20060617   3 37  999.99 99.999 999.99 N/A N/A ERA 9 9 0
JASN1 164 20060627   1 36  999.99 99.999 999.99 JMR GIM ERA 9 9 0
JASN1 165 20060706  23 34  999.99 99.999 999.99 JMR GIM ERA 9 9 0
JASN1 166 20060716  21 33  999.99 99.999 999.99 N/A N/A ERA 9 9 0
JASN1 167 20060726  19 31   -0.45  0.054 999.99 ERA GIM ERA 9 9 0
JASN1 168 20060805  17 30  999.99 99.999 999.99 N/A N/A ERA 9 9 0
JASN1 169 20060815  15 28  999.99 99.999 999.99 N/A N/A ERA 9 9 0
JASN1 170 20060825  13 27   -0.44  0.069  23.61 JMR GIM ERA 9 9 0
JASN1 171 20060904  11 25   -0.34  0.052  20.02 JMR GIM ERA 9 9 0
JASN1 172 20060914   9 24   -0.78  0.054  25.69 JMR GIM ERA 9 9 0
JASN1 173 20060924   7 22  999.99 99.999 999.99 N/A N/A ERA 9 9 0
JASN1 174 20061004   5 21  999.99 99.999 999.99 N/A N/A ERA 9 9 0
JASN1 175 20061014   3 20   -0.67  0.053  14.17 JMR GIM ERA 9 9 0
JASN1 176 20061024   1 18  999.99 99.999 999.99 N/A N/A ERA 9 9 0
JASN1 177 99999999  99 99  999.99 99.999 999.99 N/A N/A ERA 9 9 0
JASN1 178 99999999  99 99  999.99 99.999 999.99 N/A N/A ERA 9 9 0
JASN1 179 20061122  19 14  999.99 99.999 999.99 N/A N/A ERA 9 9 0
JASN1 180 20061202  17 12  999.99 99.999 999.99 JMR GIM ERA 9 9 0
JASN1 181 20061212  15 11  999.99 99.999 999.99 N/A N/A ERA 9 9 0
JASN1 182 20061222  13  9  999.99 99.999 999.99 N/A N/A ERA 9 9 0
JASN1 183 20070101  11  8  999.99 99.999 999.99 N/A N/A ERA 9 9 0
JASN1 184 20070111   9  6  999.99 99.999 999.99 N/A N/A ERA 9 9 0
JASN1 185 20070121   7  5  999.99 99.999 999.99 N/A N/A ERA 9 9 0
JASN1 186 20070131   5  3  999.99 99.999 999.99 N/A N/A ERA 9 9 0
JASN1 187 20070210   3  2  999.99 99.999 999.99 N/A N/A ERA 9 9 0
JASN1 188 20070220   1  0   -0.62  0.052  17.27 JMR GIM ERA 9 9 0
JASN1 189 20070301  22 59  999.99 99.999 999.99 N/A N/A ERA 9 9 0
JASN1 190 20070311  20 58   -0.38  0.074 999.99 JMR GIM ERA 9 9 0
JASN1 191 20070321  18 56   -0.49  0.052  22.79 JMR GIM ERA 9 9 0
JASN1 192 20070331  16 55  999.99 99.999 999.99 N/A N/A ERA 9 9 0
JASN1 193 20070410  14 53  999.99 99.999 999.99 JMR GIM ERA 9 9 0
JASN1 194 20070420  12 52   -0.52  0.051  16.91 JMR GIM ERA 9 9 0
JASN1 195 20070430  10 50   -0.54  0.073  26.82 JMR GIM ERA 9 9 0
JASN1 196 20070510   8 49   -0.38  0.057 999.99 JMR GIM ERA 9 9 0
JASN1 197 20070520   6 47   -0.50  0.061  26.37 ERA GIM ERA 9 9 0
JASN1 198 20070530   4 46  999.99 99.999 999.99 N/A N/A ERA 9 9 0
JASN1 199 20070609   2 44  999.99 99.999 999.99 ERA GIM ERA 9 9 0
JASN1 200 20070619   0 43  999.99 99.999 999.99 ERA GIM ERA 9 9 0
JASN1 201 20070628  22 41  999.99 99.999 999.99 N/A N/A ERA 9 9 0
JASN1 202 20070708  20 40  999.99 99.999 999.99 N/A N/A ERA 9 9 0
JASN1 203 20070718  18 38  999.99 99.999 999.99 N/A N/A ERA 9 9 0
JASN1 204 20070728  16 37  999.99 99.999 999.99 JMR GIM ERA 9 9 0
JASN1 205 20070807  14 35   -0.57  0.051  18.63 ERA GIM ERA 9 9 0
JASN1 206 20070817  12 34   -0.37  0.056  27.02 JMR GIM ERA 9 9 0
JASN1 207 20070827  10 32  999.99 99.999 999.99 JMR GIM ERA 9 9 0
JASN1 208 20070906   8 31   -0.71  0.058  19.48 JMR GIM ERA 9 9 0
JASN1 209 20070916   6 30   -0.64  0.051  20.18 JMR GIM ERA 9 9 0
JASN1 210 20070926   4 28  999.99 99.999 999.99 N/A N/A ERA 9 9 0
JASN1 211 20071006   2 27  999.99 99.999 999.99 N/A N/A ERA 9 9 0
JASN1 212 20071016   0 25  999.99 99.999 999.99 ERA GIM ERA 9 9 0
JASN1 213 20071025  22 24  999.99 99.999 999.99 N/A N/A ERA 9 9 0
JASN1 214 20071104  20 22  999.99 99.999 999.99 N/A N/A ERA 9 9 0
JASN1 215 20071114  18 21  999.99 99.999 999.99 N/A N/A ERA 9 9 0
JASN1 216 20071124  16 19   -0.73  0.057  16.23 JMR GIM ERA 9 9 0
JASN1 217 20071204  14 18   -0.61  0.053  25.62 JMR GIM ERA 9 9 0
JASN1 218 20071214  12 16  999.99 99.999 999.99 JMR GIM ERA 9 9 0
JASN1 219 20071224  10 15   -0.79  0.053  26.47 JMR GIM ERA 9 9 0
JASN1 220 20080103   8 13  999.99 99.999 999.99 JMR GIM ERA 9 9 0
JASN1 221 20080113   6 12  999.99 99.999 999.99 JMR GIM ERA 9 9 0
JASN1 222 20080123   4 10  999.99 99.999 999.99 N/A N/A ERA 9 9 0
JASN1 223 20080202   2  9  999.99 99.999 999.99 JMR GIM ERA 9 9 0
JASN1 224 20080211   0  8  999.99 99.999 999.99 N/A N/A ERA 9 9 0
JASN1 225 20080221  22  6  999.99 99.999 999.99 N/A N/A ERA 9 9 0
JASN1 226 20080302  20  5   -0.62  0.050  18.21 JMR GIM ERA 9 9 0
JASN1 227 20080312  18  3  999.99 99.999 999.99 N/A N/A ERA 9 9 0
JASN1 228 20080322  16  2   -0.53  0.058  21.57 JMR GIM ERA 9 9 0
JASN1 229 20080401  14  0   -0.60  0.052  19.52 JMR GIM ERA 9 9 0
JASN1 230 20080411  11 59  999.99 99.999 999.99 JMR GIM ERA 9 9 0
JASN1 231 20080421   9 57   -0.58  0.051  16.93 JMR GIM ERA 9 9 0
JASN1 232 20080501   7 56   -0.59  0.053  16.11 ERA GIM ERA 9 9 0
JASN1 233 99999999  99 99  999.99 99.999 999.99 N/A N/A ERA 9 9 0
JASN1 234 20080521   3 53   -0.59  0.052  17.12 ERA GIM ERA 9 9 0
JASN1 235 20080531   1 51  999.99 99.999 999.99 ERA GIM ERA 9 9 0
JASN1 236 20080609  23 50  999.99 99.999 999.99 N/A N/A ERA 9 9 0
JASN1 237 20080619  21 48  999.99 99.999 999.99 N/A N/A ERA 9 9 0
JASN1 238 20080629  19 47  999.99 99.999 999.99 N/A N/A ERA 9 9 0
JASN1 239 20080709  17 45  999.99 99.999 999.99 JMR GIM ERA 9 9 0
JASN1 240 20080719  15 44   -0.55  0.083  24.38 JMR GIM ERA 9 9 0
JASN1 241 20080729  13 42  999.99 99.999 999.99 JMR GIM ERA 9 9 0
JASN1 242 99999999  99 99  999.99 99.999 999.99 N/A N/A ERA 9 9 0
JASN1 243 99999999  99 99  999.99 99.999 999.99 N/A N/A ERA 9 9 0
JASN1 244 20080828   7 38   -0.64  0.052  18.50 JMR GIM ERA 9 9 0
JASN1 245 20080907   5 37  999.99 99.999 999.99 JMR GIM ERA 9 9 0
JASN1 246 20080917   3 35   -0.87  0.052  17.01 JMR GIM ERA 9 9 0
JASN1 247 20080927   1 34  999.99 99.999 999.99 JMR GIM ERA 9 9 0
JASN1 248 20081006  23 32  999.99 99.999 999.99 ERA GIM ERA 9 9 0
JASN1 249 20081016  21 31  999.99 99.999 999.99 N/A N/A ERA 9 9 0
JASN1 250 20081026  19 29  999.99 99.999 999.99 N/A N/A ERA 9 9 0
JASN1 251 20081105  17 28   -1.35  0.067  25.35 JMR GIM ERA 9 9 0
JASN1 252 20081115  15 26  999.99 99.999 999.99 JMR GIM ERA 9 9 0
JASN1 253 20081125  13 25  999.99 99.999 999.99 N/A N/A ERA 9 9 0
JASN1 254 20081205  11 23   -1.00  0.061  25.18 JMR GIM ERA 9 9 0
JASN1 255 20081215   9 22  999.99 99.999 999.99 JMR GIM ERA 9 9 0
JASN1 256 20081225   7 20  999.99 99.999 999.99 JMR GIM ERA 9 9 0
JASN1 257 20090104   5 19   -0.99  0.052  16.87 JMR GIM ERA 9 9 0
JASN1 258 20090114   3 17  999.99 99.999 999.99 N/A N/A ERA 9 9 0
JASN1 259 20090124   1 16  999.99 99.999 999.99 N/A N/A ERA 9 9 0
JASN2   1 20080719  15 45   -0.65  0.050  20.80 AMR GIM ECM 1 1 0
JASN2   2 20080729  13 43   -0.79  0.045  16.12 AMR GIM ECM 1 1 0
JASN2   3 20080808  11 42  999.99 99.999 999.99 AMR GIM ECM 2 2 0
JASN2   4 20080818   9 40   -0.78  0.047  16.27 AMR GIM ECM 1 1 0
JASN2   5 20080828   7 39  999.99 99.999 999.99 AMR GIM ECM 2 2 0
JASN2   6 20080907   5 37   -0.70  0.111  46.46 AMR GIM ECM 1 1 0
JASN2   7 20080917   3 36  999.99 99.999 999.99 AMR GIM ECM 2 2 0
JASN2   8 20080927   1 35  999.99 99.999 999.99 AMR GIM ECM 1 1 0
JASN2   9 20081006  23 33  999.99 99.999 999.99 AMR GIM ECM 1 1 0
JASN2  10 20081016  21 32  999.99 99.999 999.99 AMR GIM ECM 1 1 0
JASN2  11 20081026  19 30  999.99 99.999 999.99 AMR GIM ECM 1 1 0
JASN2  12 20081105  17 29   -1.28  0.046  19.36 AMR GIM ECM 1 1 0
JASN2  13 20081115  15 27   -1.15  0.050  16.19 AMR GIM ECM 1 1 0
JASN2  14 20081125  13 26  999.99 99.999 999.99 AMR GIM ECM 1 1 0
JASN2  15 20081205  11 24   -0.89  0.044  25.65 AMR GIM ECM 1 1 0
JASN2  16 20081215   9 23   -1.15  0.065  16.01 AMR GIM ECM 1 1 0
JASN2  17 20081225   7 21  999.99 99.999 999.99 AMR GIM ECM 1 1 0
JASN2  18 20090104   5 20   -1.06  0.060  16.66 AMR GIM ECM 1 1 0
JASN2  19 20090114   3 18  999.99 99.999 999.99 AMR GIM ECM 1 1 0
JASN2  20 20090124   1 17   -0.43  0.043  53.97 AMR GIM ECM 1 1 0
JASN2  21 20090202  23 15  999.99 99.999 999.99 AMR GIM ECM 1 1 0
JASN2  22 20090212  21 14   -0.67  0.065  43.23 AMR GIM ECM 1 1 0
JASN2  23 20090222  19 12  999.99 99.999 999.99 AMR GIM ECM 1 1 0
JASN2  24 20090304  17 11   -0.75  0.042  21.98 AMR GIM ECM 1 1 0
JASN2  25 20090314  15 10   -0.92  0.053  18.12 AMR GIM ECM 1 1 0
JASN2  26 20090324  13  8   -0.86  0.050  16.98 AMR GIM ECM 1 1 0
JASN2  27 20090403  11  7   -0.83  0.049  14.70 AMR GIM ECM 1 1 0
JASN2  28 20090413   9  5   -0.94  0.046  28.99 AMR GIM ECM 1 1 0
JASN2  29 20090423   7  4   -0.83  0.047  15.84 AMR GIM ECM 1 1 0
JASN2  30 20090503   5  2   -0.80  0.046  15.29 AMR GIM ECM 1 1 0
JASN2  31 20090513   3  1   -0.87  0.077  33.45 AMR GIM ECM 1 1 0
JASN2  32 20090523   0 59   -0.72  0.043  15.80 AMR GIM ECM 1 1 0
JASN2  33 20090601  22 58   -0.65  0.044  41.78 AMR GIM ECM 1 1 0
JASN2  34 20090611  20 56   -0.72  0.043  30.61 AMR GIM ECM 2 2 0
JASN2  35 20090621  18 55   -0.79  0.043  22.71 AMR GIM ECM 1 1 0
JASN2  36 20090701  16 53  999.99 99.999 999.99 AMR GIM ECM 1 1 0
JASN2  37 20090711  14 52   -0.89  0.043  19.40 AMR GIM ECM 1 1 0
JASN2  38 20090721  12 50   -0.96  0.044  15.39 AMR GIM ECM 1 1 0
JASN2  39 20090731  10 49   -1.02  0.043  16.68 AMR GIM ECM 1 1 0
JASN2  40 20090810   8 47  999.99 99.999 999.99 AMR GIM ECM 1 1 0
JASN2  41 20090820   6 46   -1.21  0.068  19.13 AMR GIM ECM 1 1 0
JASN2  42 20090830   4 44  999.99 99.999 999.99 AMR GIM ECM 1 1 0
JASN2  43 20090909   2 43   -0.78  0.044  56.20 AMR GIM ECM 1 1 0
JASN2  44 20090919   0 41  999.99 99.999 999.99 AMR GIM ECM 1 1 0
JASN2  45 20090928  22 40   -0.84  0.045  52.75 AMR GIM ECM 1 1 0
JASN2  46 20091008  20 39   -1.22  0.043  28.51 AMR GIM ECM 1 1 0
JASN2  47 20091018  18 37   -1.21  0.046  26.25 AMR GIM ECM 1 1 0
JASN2  48 20091028  16 36   -1.38  0.063  14.16 AMR GIM ECM 1 1 0
JASN2  49 20091107  14 34   -1.45  0.064  18.90 AMR GIM ECM 1 1 0
JASN2  50 20091117  12 33   -1.37  0.048  18.55 AMR GIM ECM 1 1 0
JASN2  51 20091127  10 31   -1.39  0.060  26.32 AMR GIM ECM 1 1 0
JASN2  52 20091207   8 30  999.99 99.999 999.99 AMR GIM ECM 1 1 0
JASN2  53 20091217   6 28   -1.25  0.066  24.35 AMR GIM ECM 1 1 0
JASN2  54 20091227   4 27   -0.93  0.043  55.12 AMR GIM ECM 1 1 0
JASN2  55 20100106   2 25   -0.90  0.043  55.85 AMR GIM ECM 1 1 0
JASN2  56 20100116   0 24  999.99 99.999 999.99 AMR GIM ECM 1 1 0
JASN2  57 20100125  22 22   -0.94  0.043  38.41 AMR GIM ECM 1 1 0
JASN2  58 20100204  20 21  999.99 99.999 999.99 AMR GIM ECM 1 1 0
JASN2  59 20100214  18 19   -1.38  0.048  21.88 AMR GIM ECM 1 1 0
JASN2  60 20100224  16 18  999.99 99.999 999.99 AMR GIM ECM 1 1 0
JASN2  61 20100306  14 16   -1.06  0.052  22.47 AMR GIM ECM 1 1 0
JASN2  62 20100316  12 15   -1.38  0.070  28.79 AMR GIM ECM 1 1 0
JASN2  63 20100326  10 13   -1.07  0.055  15.77 AMR GIM ECM 1 1 0
JASN2  64 20100405   8 12   -1.05  0.056  14.71 AMR GIM ECM 1 1 0
JASN2  65 20100415   6 11  999.99 99.999 999.99 AMR GIM ECM 1 1 0
JASN2  66 20100425   4  9  999.99 99.999 999.99 AMR GIM ECM 1 1 0
JASN2  67 20100505   2  8  999.99 99.999 999.99 AMR GIM ECM 1 1 0
JASN2  68 20100514   0  6  999.99 99.999 999.99 AMR GIM ECM 1 1 0
JASN2  69 20100524  22  5   -0.93  0.043  33.24 AMR GIM ECM 1 1 0
JASN2  70 20100603  20  3   -0.84  0.064  41.07 AMR GIM ECM 1 1 0
JASN2  71 20100613  18  2   -1.12  0.056  27.61 AMR GIM ECM 1 1 0
JASN2  72 20100623  16  0   -1.21  0.046  19.23 AMR GIM ECM 1 1 0
JASN2  73 20100703  13 59   -1.18  0.053  15.96 AMR GIM ECM 1 1 0
JASN2  74 20100713  11 57   -1.13  0.044  17.87 AMR GIM ECM 1 1 0
JASN2  75 20100723   9 56   -1.16  0.045  16.91 AMR GIM ECM 1 1 0
JASN2  76 20100802   7 54   -1.43  0.059  19.93 AMR GIM ECM 1 1 0
JASN2  77 20100812   5 53   -1.28  0.052  16.16 AMR GIM ECM 1 1 0
JASN2  78 20100822   3 51   -1.25  0.049  15.67 AMR GIM ECM 1 1 0
JASN2  79 20100901   1 50  999.99 99.999 999.99 AMR GIM ECM 1 1 0
JASN2  80 20100910  23 48   -1.27  0.056  35.11 AMR GIM ECM 1 1 0
JASN2  81 20100920  21 47   -1.23  0.057  41.10 AMR GIM ECM 1 1 0
JASN2  82 20100930  19 45   -1.39  0.054  16.35 AMR GIM ECM 1 1 0
JASN2  83 20101010  17 44   -1.48  0.066  22.52 AMR GIM ECM 1 1 0
JASN2  84 20101020  15 42   -1.70  0.120  21.73 AMR GIM ECM 1 1 0
JASN2  85 20101030  13 41   -1.37  0.059  16.19 AMR GIM ECM 1 1 0
JASN2  86 20101109  11 40   -1.35  0.055  16.86 AMR GIM ECM 1 1 0
JASN2  87 20101119   9 38   -1.36  0.049  31.70 AMR GIM ECM 1 1 0
JASN2  88 20101129   7 37   -1.42  0.061  15.37 AMR GIM ECM 1 1 0
JASN2  89 20101209   5 35   -0.99  0.043  56.38 AMR GIM ECM 1 1 0
JASN2  90 20101219   3 34   -1.68  0.082  28.36 AMR GIM ECM 1 1 0
JASN2  91 20101229   1 32  999.99 99.999 999.99 AMR GIM ECM 1 1 0
JASN2  92 20110107  23 31  999.99 99.999 999.99 AMR GIM ECM 1 1 0
JASN2  93 20110117  21 29   -0.91  0.044  56.32 AMR GIM ECM 1 1 0
JASN2  94 20110127  19 28   -1.24  0.047  17.36 AMR GIM ECM 1 1 0
JASN2  95 20110206  17 26   -1.36  0.089  25.63 AMR GIM ECM 1 1 0
JASN2  96 20110216  15 25   -1.24  0.071  18.00 AMR GIM ECM 1 1 0
JASN2  97 20110226  13 23   -1.28  0.084  18.06 AMR GIM ECM 1 1 0
JASN2  98 20110308  11 22   -1.21  0.058  17.12 AMR GIM ECM 1 1 0
JASN2  99 20110318   9 20   -1.25  0.059  16.65 AMR GIM ECM 1 1 0
JASN2 100 20110328   7 19   -1.19  0.055  16.68 AMR GIM ECM 1 1 0
JASN2 101 20110407   5 17   -1.17  0.052  16.33 AMR GIM ECM 1 1 0
JASN2 102 20110417   3 16  999.99 99.999 999.99 AMR GIM ECM 1 1 0
JASN2 103 20110427   1 14   -1.00  0.047  26.52 AMR GIM ECM 1 1 0
JASN2 104 20110506  23 13   -1.08  0.054  30.43 AMR GIM ECM 1 1 0
JASN2 105 20110516  21 11   -1.06  0.049  25.58 AMR GIM ECM 1 1 0
JASN2 106 20110526  19 10   -1.17  0.047  24.95 AMR GIM ECM 1 1 0
JASN2 107 20110605  17  9   -1.09  0.043  31.16 AMR GIM ECM 1 1 0
JASN2 108 20110615  15  7   -1.25  0.051  22.05 AMR GIM ECM 1 1 0
JASN2 109 20110625  13  6   -1.20  0.045  16.56 AMR GIM ECM 1 1 0
JASN2 110 20110705  11  4   -1.23  0.046  16.48 AMR GIM ECM 1 1 0
JASN2 111 20110715   9  3   -1.27  0.052  15.51 AMR GIM ECM 1 1 0
JASN2 112 20110725   7  1   -0.94  0.044  54.10 AMR GIM ECM 1 1 0
JASN2 113 20110804   5  0   -1.34  0.054  15.86 AMR GIM ECM 1 1 0
JASN2 114 20110814   2 58   -1.14  0.084  49.85 AMR GIM ECM 1 1 0
JASN2 115 20110824   0 57  999.99 99.999 999.99 AMR GIM ECM 1 1 0
JASN2 116 20110902  22 55  999.99 99.999 999.99 AMR GIM ECM 1 1 0
JASN2 117 20110912  20 54   -1.27  0.043  29.26 AMR GIM ECM 1 1 0
JASN2 118 20110922  18 52   -1.32  0.049  27.97 AMR GIM ECM 1 1 0
JASN2 119 20111002  16 51   -1.34  0.043  27.41 AMR GIM ECM 1 1 0
JASN2 120 20111012  14 49   -1.49  0.050  22.09 AMR GIM ECM 1 1 0
JASN2 121 20111022  12 48   -1.38  0.043  20.76 AMR GIM ECM 1 1 0
JASN2 122 20111101  10 46   -1.67  0.056  22.53 AMR GIM ECM 1 1 0
JASN2 123 20111111   8 45   -1.83  0.105  37.38 AMR GIM ECM 1 1 0
JASN2 124 20111121   6 43   -1.50  0.052  14.86 AMR GIM ECM 1 1 0
JASN2 125 20111201   4 42   -1.72  0.060  22.35 AMR GIM ECM 1 1 0
JASN2 126 20111211   2 41  999.99 99.999 999.99 AMR GIM ECM 1 1 0
JASN2 127 20111221   0 39  999.99 99.999 999.99 AMR GIM ECM 1 1 0
JASN2 128 20111230  22 38   -1.09  0.044  56.09 AMR GIM ECM 1 1 0
JASN2 129 20120109  20 36  999.99 99.999 999.99 AMR GIM ECM 1 1 0
JASN2 130 20120119  18 35   -1.55  0.047  21.54 AMR GIM ECM 1 1 0
JASN2 131 20120129  16 33   -1.44  0.055  18.81 AMR GIM ECM 1 1 0
JASN2 132 20120208  14 32  999.99 99.999 999.99 AMR GIM ECM 1 1 0
JASN2 133 20120218  12 30   -1.50  0.057  18.28 AMR GIM ECM 1 1 0
JASN2 134 20120228  10 29   -1.32  0.047  14.50 AMR GIM ECM 1 1 0
JASN2 135 20120309   8 27   -0.92  0.044  52.95 AMR GIM ECM 1 1 0
JASN2 136 20120319   6 26   -1.33  0.056  14.02 AMR GIM ECM 1 1 0
JASN2 137 20120329   4 24   -0.93  0.051  46.76 AMR GIM ECM 1 1 0
JASN2 138 20120408   2 23  999.99 99.999 999.99 FMO GIM ECM 1 1 0
JASN2 139 20120418   0 21  999.99 99.999 999.99 AMR GIM ECM 1 1 0
JASN2 140 20120427  22 20   -1.41  0.045  20.69 AMR GIM ECM 1 1 0
JASN2 141 20120507  20 18   -1.27  0.048  18.17 AMR GIM ECM 1 1 0
JASN2 142 20120517  18 17   -1.14  0.045  20.18 AMR GIM ECM 1 1 0
JASN2 143 20120527  16 15   -1.24  0.043  18.75 AMR GIM ECM 1 1 0
JASN2 144 20120606  14 14   -1.25  0.046  16.26 AMR GIM ECM 1 1 0
JASN2 145 20120616  12 13   -1.33  0.045  20.58 AMR GIM ECM 1 1 0
JASN2 146 20120626  10 11   -1.32  0.053  15.51 AMR GIM ECM 1 1 0
JASN2 147 20120706   8 10   -1.32  0.046  15.84 AMR GIM ECM 1 1 0
JASN2 148 20120716   6  8   -1.36  0.055  16.12 AMR GIM ECM 1 1 0
JASN2 149 20120726   4  7   -1.34  0.052  15.64 AMR GIM ECM 1 1 0
JASN2 150 20120805   2  5   -1.07  0.051  47.96 AMR GIM ECM 1 1 0
JASN2 151 20120814   0  4   -0.97  0.067  49.55 AMR GIM ECM 1 1 0
JASN2 152 20120824  22  2   -1.05  0.043  46.17 AMR GIM ECM 1 1 0
JASN2 153 20120903  20  1   -1.34  0.043  17.96 AMR GIM ECM 1 1 0
JASN2 154 20120913  17 59   -1.36  0.044  18.12 AMR GIM ECM 1 1 0
JASN2 155 20120923  15 58   -1.43  0.054  22.09 AMR GIM ECM 1 1 0
JASN2 156 20121003  13 56   -1.78  0.070  19.69 AMR GIM ECM 1 1 0
JASN2 157 20121013  11 55   -1.59  0.054  16.49 AMR GIM ECM 1 1 0
JASN2 158 20121023   9 53   -1.54  0.053  14.99 AMR GIM ECM 1 1 0
JASN2 159 20121102   7 52   -1.48  0.048  23.13 AMR GIM ECM 1 1 0
JASN2 160 20121112   5 50  999.99 99.999 999.99 AMR GIM ECM 1 1 0
JASN2 161 20121122   3 49   -1.13  0.043  54.53 AMR GIM ECM 1 1 0
JASN2 162 20121202   1 47   -1.14  0.043  56.02 AMR GIM ECM 1 1 0
JASN2 163 20121211  23 46  999.99 99.999 999.99 AMR GIM ECM 1 1 0
JASN2 164 20121221  21 44   -1.36  0.043  31.97 AMR GIM ECM 1 1 0
JASN2 165 20121231  19 43   -1.58  0.045  19.88 AMR GIM ECM 1 1 0
JASN2 166 20130110  17 42   -1.70  0.082  16.77 AMR GIM ECM 1 1 0
JASN2 167 20130120  15 40   -1.35  0.046  23.36 AMR GIM ECM 1 1 0
JASN2 168 20130130  13 39   -1.27  0.064  41.67 AMR GIM ECM 1 1 0
JASN2 169 20130209  11 37   -1.43  0.049  17.55 AMR GIM ECM 1 1 0
JASN2 170 20130219   9 36   -1.37  0.043  17.53 AMR GIM ECM 1 1 0
JASN2 171 20130301   7 34   -1.01  0.044  43.05 AMR GIM ECM 1 1 0
JASN2 172 20130311   5 33  999.99 99.999 999.99 AMR GIM ECM 1 1 0
JASN2 173 20130321   3 31   -1.29  0.050  15.41 AMR GIM ECM 1 1 0
JASN2 174 99999999  99 99  999.99 99.999 999.99 N/A N/A ERA 9 9 0
JASN2 175 20130409  23 28   -1.31  0.052  15.90 AMR GIM ECM 1 1 0
JASN2 176 20130419  21 27   -1.24  0.044  18.66 AMR GIM ECM 1 1 0
JASN2 177 20130429  19 25  999.99 99.999 999.99 AMR GIM ECM 1 1 0
JASN2 178 20130509  17 24   -1.31  0.043  17.22 AMR GIM ECM 1 1 0
JASN2 179 20130519  15 22   -1.32  0.043  18.68 AMR GIM ECM 1 1 0
JASN2 180 20130529  13 21   -1.44  0.052  16.35 AMR GIM ECM 1 1 0
JASN2 181 20130608  11 19   -1.46  0.050  16.73 AMR GIM ECM 1 1 0
JASN2 182 20130618   9 18   -1.36  0.044  16.50 AMR GIM ECM 1 1 0
JASN2 183 20130628   7 17   -1.27  0.074  40.47 AMR GIM ECM 1 1 0
JASN2 184 20130708   5 15   -1.59  0.063  19.86 AMR GIM ECM 1 1 0
JASN2 185 20130718   3 14  999.99 99.999 999.99 AMR GIM ECM 1 1 0
JASN2 186 20130728   1 12   -1.11  0.044  54.07 AMR GIM ECM 1 1 0
JASN2 187 20130806  23 11   -1.16  0.047  47.93 AMR GIM ECM 1 1 0
JASN2 188 20130816  21  9  999.99 99.999 999.99 AMR GIM ECM 1 1 0
JASN2 189 20130826  19  8   -1.56  0.054  17.63 AMR GIM ECM 1 1 0
JASN2 190 99999999  99 99  999.99 99.999 999.99 N/A N/A ERA 9 9 0
JASN2 191 20130915  15  5   -1.85  0.050  26.71 AMR GIM ECM 1 1 0
JASN2 192 20130925  13  3   -1.69  0.055  14.87 AMR GIM ECM 1 1 0
JASN2 193 20131005  11  2   -1.77  0.060  14.86 AMR GIM ECM 1 1 0
JASN2 194 20131015   9  0   -2.24  0.071  31.84 AMR GIM ECM 1 1 0
JASN2 195 20131025   6 59  999.99 99.999 999.99 AMR GIM ECM 1 1 0
JASN2 196 20131104   4 57   -1.98  0.051  20.71 AMR GIM ECM 1 1 0
JASN2 197 20131114   2 56  999.99 99.999 999.99 AMR GIM ECM 1 1 0
JASN2 198 20131124   0 54  999.99 99.999 999.99 AMR GIM ECM 1 1 0
JASN2 199 20131203  22 53   -1.58  0.055  34.67 AMR GIM ECM 1 1 0
JASN2 200 20131213  20 51   -1.79  0.094  24.72 AMR GIM ECM 1 1 0
JASN2 201 20131223  18 50  999.99 99.999 999.99 AMR GIM ECM 1 1 0
JASN2 202 20140102  16 49   -1.93  0.062  25.34 AMR GIM ECM 1 1 0
JASN2 203 20140112  14 47  999.99 99.999 999.99 AMR GIM ECM 1 1 0
JASN2 204 20140122  12 46  999.99 99.999 999.99 AMR GIM ECM 1 1 0
JASN2 205 20140201  10 44   -1.66  0.053  17.42 AMR GIM ECM 1 1 0
JASN2 206 20140211   8 43   -1.59  0.048  17.07 AMR GIM ECM 1 1 0
JASN2 207 20140221   6 41  999.99 99.999 999.99 AMR GIM ECM 1 1 0
JASN2 208 20140303   4 40   -1.15  0.044  56.29 AMR GIM ECM 1 1 0
JASN2 209 20140313   2 38   -1.45  0.043  33.58 AMR GIM ECM 2 2 0
JASN2 210 20140323   0 37  999.99 99.999 999.99 AMR GIM ECM 1 1 0
JASN2 211 20140401  22 35   -1.57  0.050  14.61 AMR GIM ECM 1 1 0
JASN2 212 20140411  20 34   -1.31  0.043  34.89 AMR GIM ECM 1 1 0
JASN2 213 20140421  18 32  999.99 99.999 999.99 AMR GIM ECM 1 1 0
JASN2 214 20140501  16 31   -1.52  0.051  14.95 AMR GIM ECM 1 1 0
JASN2 215 20140511  14 29   -1.48  0.050  13.47 AMR GIM ECM 1 1 0
JASN2 216 20140521  12 28   -1.61  0.051  15.36 AMR GIM ECM 1 1 0
JASN2 217 20140531  10 26   -1.59  0.044  17.07 AMR GIM ECM 1 1 0
JASN2 218 20140610   8 25   -1.55  0.044  16.14 AMR GIM ECM 1 1 0
JASN2 219 20140620   6 23   -1.34  0.046  48.99 AMR GIM ECM 1 1 0
JASN2 220 20140630   4 22   -1.74  0.045  17.93 AMR GIM ECM 2 2 0
JASN2 221 20140710   2 20   -1.64  0.051  15.69 AMR GIM ECM 1 1 0
JASN2 222 20140720   0 19   -1.94  0.052  26.65 AMR GIM ECM 1 1 0
JASN2 223 20140729  22 18  999.99 99.999 999.99 AMR GIM ECM 1 1 0
JASN2 224 20140808  20 16  999.99 99.999 999.99 AMR GIM ECM 1 1 0
JASN2 225 20140818  18 15   -1.87  0.054  27.02 AMR GIM ECM 1 1 0
JASN2 226 20140828  16 13   -1.80  0.046  21.85 AMR GIM ECM 1 1 0
JASN2 227 20140907  14 12   -2.17  0.065  21.32 AMR GIM ECM 1 1 0
JASN2 228 20140917  12 10  999.99 99.999 999.99 AMR GIM ECM 1 1 0
JASN2 229 20140927  10  9   -1.94  0.049  15.32 AMR GIM ECM 1 1 0
JASN2 230 20141007   8  7  999.99 99.999 999.99 AMR GIM ECM 1 1 0
JASN2 231 20141017   6  6  999.99 99.999 999.99 AMR GIM ECM 1 1 0
JASN2 232 20141027   4  4   -2.05  0.056  16.23 AMR GIM ECM 1 1 0
JASN2 233 20141106   2  3  999.99 99.999 999.99 AMR GIM ECM 1 1 0
JASN2 234 20141115   0  1   -1.93  0.049  30.67 AMR GIM ECM 1 1 0
JASN2 235 20141125  22  0  999.99 99.999 999.99 AMR GIM ECM 1 1 0
JASN2 236 20141205  19 58  999.99 99.999 999.99 AMR GIM ECM 1 1 0
JASN2 237 20141215  17 57   -2.07  0.054  21.23 AMR GIM ECM 1 1 0
JASN2 238 20141225  15 55   -2.04  0.047  17.90 AMR GIM ECM 1 1 0
JASN2 239 20150104  13 54   -2.14  0.050  21.37 AMR GIM ECM 1 1 0
JASN2 240 20150114  11 53   -2.10  0.053  18.80 AMR GIM ECM 1 1 0
JASN2 241 20150124   9 51   -1.97  0.056  28.53 AMR GIM ECM 1 1 0
JASN2 242 20150203   7 50   -1.59  0.043  56.70 AMR GIM ECM 1 1 0
JASN2 243 20150213   5 48   -2.06  0.050  24.44 AMR GIM ECM 1 1 0
JASN2 244 20150223   3 47   -1.86  0.048  15.15 AMR GIM ECM 1 1 0
JASN2 245 20150305   1 45   -1.86  0.061  21.13 AMR GIM ECM 1 1 0
JASN2 246 20150314  23 44   -1.88  0.091  26.48 AMR GIM ECM 1 1 0
JASN2 247 20150324  21 42   -2.22  0.070  27.39 AMR GIM ECM 1 1 0
JASN2 248 20150403  19 41   -1.86  0.046  15.94 AMR GIM ECM 1 1 0
JASN2 249 20150413  17 39   -1.82  0.046  16.94 AMR GIM ECM 1 1 0
JASN2 250 20150423  15 38   -1.82  0.044  17.44 AMR GIM ECM 1 1 0
JASN2 251 20150503  13 36   -2.15  0.047  23.26 AMR GIM ECM 1 1 0
JASN2 252 20150513  11 35   -1.96  0.061  16.00 AMR GIM ECM 1 1 0
JASN2 253 20150523   9 33   -1.91  0.047  14.95 AMR GIM ECM 1 1 0
JASN2 254 20150602   7 32   -1.89  0.051  14.86 AMR GIM ECM 1 1 0
JASN2 255 20150612   5 30   -1.61  0.048  52.82 AMR GIM ECM 1 1 0
JASN2 256 20150622   3 29   -1.56  0.044  56.49 AMR GIM ECM 1 1 0
JASN2 257 20150702   1 28   -2.01  0.052  16.39 AMR GIM ECM 1 1 0
JASN2 258 20150711  23 26   -1.65  0.045  48.97 AMR GIM ECM 1 1 0
JASN2 259 20150721  21 25   -1.90  0.047  27.30 AMR GIM ECM 1 1 0
JASN2 260 20150731  19 23   -1.94  0.043  29.68 AMR GIM ECM 1 1 0
JASN2 261 20150810  17 22   -1.91  0.094  22.05 AMR GIM ECM 1 1 0
JASN2 262 20150820  15 20   -2.27  0.059  18.28 AMR GIM ECM 1 1 0
JASN2 263 20150830  13 19   -2.14  0.050  16.48 AMR GIM ECM 1 1 0
JASN2 264 20150909  11 17   -2.09  0.045  19.61 AMR GIM ECM 1 1 0
JASN2 265 20150919   9 16   -2.26  0.092  35.19 AMR GIM ECM 1 1 0
JASN2 266 20150929   7 14   -2.21  0.044  17.90 AMR GIM ECM 1 1 0
JASN2 267 20151009   5 13   -1.89  0.047  53.57 AMR GIM ECM 1 1 0
JASN2 268 20151019   3 11   -2.21  0.049  13.41 AMR GIM ECM 1 1 0
JASN2 269 20151029   1 10   -1.87  0.044  55.47 AMR GIM ECM 1 1 0
JASN2 270 20151107  23  8   -2.24  0.046  18.82 AMR GIM ECM 1 1 0
JASN2 271 20151117  21  7   -2.29  0.057  20.24 AMR GIM ECM 1 1 0
JASN2 272 20151127  19  5   -2.32  0.048  16.04 AMR GIM ECM 1 1 0
JASN2 273 20151207  17  4   -2.53  0.051  22.24 AMR GIM ECM 1 1 0
JASN2 274 20151217  15  2   -2.41  0.052  20.99 AMR GIM ECM 1 1 0
JASN2 275 20151227  13  1   -2.26  0.053  15.30 AMR GIM ECM 1 1 0
JASN2 276 20160106  11  0   -2.35  0.079  21.64 AMR GIM ECM 1 1 0
JASN2 277 20160116   8 58   -2.28  0.050  23.51 AMR GIM ECM 1 1 0
JASN2 278 20160126   6 57   -2.23  0.049  18.54 AMR GIM ECM 1 1 0
JASN2 279 20160205   4 55  999.99 99.999 999.99 AMR GIM ECM 1 1 0
JASN2 280 20160215   2 54   -2.10  0.049  16.00 AMR GIM ECM 1 1 0
JASN2 281 20160225   0 52  999.99 99.999 999.99 AMR GIM ECM 1 1 0
JASN2 282 20160305  22 51   -1.71  0.043  45.48 AMR GIM ECM 1 1 0
JASN2 283 20160315  20 49   -1.95  0.043  30.90 AMR GIM ECM 1 1 0
JASN2 284 20160325  18 48  999.99 99.999 999.99 AMR GIM ECM 1 1 0
JASN2 285 20160404  16 46   -1.92  0.046  33.17 AMR GIM ECM 1 1 0
JASN2 286 20160414  14 45   -2.03  0.044  15.72 AMR GIM ECM 1 1 0
JASN2 287 20160424  12 43   -2.07  0.051  20.80 AMR GIM ECM 1 1 0
JASN2 288 20160504  10 42   -2.32  0.061  26.14 AMR GIM ECM 1 1 0
JASN2 289 20160514   8 40   -2.03  0.053  28.10 AMR GIM ECM 1 1 0
JASN2 290 20160524   6 39   -2.03  0.049  14.42 AMR GIM ECM 1 1 0
JASN2 291 20160603   4 37   -1.75  0.049  48.11 AMR GIM ECM 1 1 0
JASN2 292 20160613   2 36   -1.79  0.044  52.78 AMR GIM ECM 1 1 0
JASN2 293 20160623   0 35  999.99 99.999 999.99 AMR GIM ECM 1 1 0
JASN2 294 20160702  22 33  999.99 99.999 999.99 AMR GIM ECM 1 1 0
JASN2 295 20160712  20 32   -2.01  0.045  36.79 AMR GIM ECM 1 1 0
JASN2 296 20160722  18 30   -2.24  0.046  20.98 AMR GIM ECM 1 1 0
JASN2 297 20160801  16 29   -2.18  0.047  17.57 AMR GIM ECM 1 1 0
JASN2 298 20160811  14 27   -2.33  0.048  16.69 AMR GIM ECM 1 1 0
JASN2 299 20160821  12 26   -2.43  0.051  16.78 AMR GIM ECM 1 1 0
JASN2 300 20160831  10 24   -2.34  0.045  24.22 AMR GIM ECM 1 1 0
JASN2 301 20160910   8 23   -2.42  0.044  17.06 AMR GIM ECM 1 1 0
JASN2 302 20160920   6 21   -2.12  0.080  17.43 AMR GIM ECM 1 1 0
JASN2 303 20160930   4 20   -2.40  0.055  25.28 AMR GIM ECM 1 1 0
JASN3   1 20160225   0 53  999.99 99.999 999.99 FMO GIM ECM 1 1 0
JASN3   2 20160305  22 52   -1.75  0.044  44.64 AMR GIM ECM 1 1 0
JASN3   3 99999999  99 99  999.99 99.999 999.99 N/A N/A ERA 9 9 0
JASN3   4 20160325  18 49   -1.71  0.045  46.46 AMR GIM ECM 1 1 0
JASN3   5 20160404  16 48   -1.87  0.047  33.32 AMR GIM ECM 1 1 0
JASN3   6 20160414  14 46   -2.04  0.047  16.99 AMR GIM ECM 1 1 0
JASN3   7 20160424  12 45   -2.07  0.044  19.76 AMR GIM ECM 1 1 0
JASN3   8 20160504  10 43   -2.22  0.061  27.14 AMR GIM ECM 1 1 0
JASN3   9 20160514   8 42   -2.05  0.057  28.11 AMR GIM ECM 1 1 0
JASN3  10 20160524   6 40   -2.04  0.048  14.07 AMR GIM ECM 1 1 0
JASN3  11 20160603   4 39   -1.78  0.048  47.99 AMR GIM ECM 1 1 0
JASN3  12 20160613   2 37   -1.86  0.047  52.83 AMR GIM ECM 1 1 0
JASN3  13 20160623   0 36  999.99 99.999 999.99 AMR GIM ECM 1 1 0
JASN3  14 20160702  22 34  999.99 99.999 999.99 AMR GIM ECM 1 1 0
JASN3  15 20160712  20 33   -2.07  0.044  37.32 AMR GIM ECM 1 1 0
JASN3  16 20160722  18 31   -2.21  0.045  20.94 AMR GIM ECM 1 1 0
JASN3  17 20160801  16 30   -2.18  0.048  17.79 AMR GIM ECM 1 1 0
JASN3  18 20160811  14 29   -2.29  0.048  16.60 AMR GIM ECM 1 1 0
JASN3  19 20160821  12 27   -2.40  0.049  16.72 AMR GIM ECM 1 1 0
JASN3  20 20160831  10 26   -2.32  0.046  24.30 AMR GIM ECM 1 1 0
JASN3  21 20160910   8 24   -2.46  0.045  17.37 AMR GIM ECM 1 1 0
JASN3  22 20160920   6 23  999.99 99.999 999.99 AMR GIM ECM 1 1 0
JASN3  23 20160930   4 21  999.99 99.999 999.99 AMR GIM ECM 1 1 0
JASN3  24 20161010   2 20   -2.19  0.045  56.28 AMR GIM ECM 1 1 0
JASN3  25 20161020   0 18   -2.56  0.049  17.04 AMR GIM ECM 1 1 0
JASN3  26 20161029  22 17   -2.18  0.044  49.44 AMR GIM ECM 1 1 0
JASN3  27 20161108  20 15  999.99 99.999 999.99 AMR GIM ECM 1 1 0
JASN3  28 20161118  18 14   -2.79  0.067  22.16 AMR GIM ECM 1 1 0
JASN3  29 20161128  16 12  999.99 99.999 999.99 AMR GIM ECM 1 1 0
JASN3  30 20161208  14 11   -2.41  0.046  24.59 FMO GIM ECM 1 1 0
JASN3  31 20161218  12  9  999.99 99.999 999.99 AMR GIM ECM 1 1 0
JASN3  32 20161228  10  8   -2.56  0.069  29.28 AMR GIM ECM 1 1 0
JASN3  33 20170107   8  6  999.99 99.999 999.99 AMR GIM ECM 1 1 0
JASN3  34 20170117   6  5   -2.06  0.044  55.63 AMR GIM ECM 1 1 0
JASN3  35 20170127   4  3  999.99 99.999 999.99 AMR GIM ECM 1 1 0
JASN3  36 20170206   2  2   -2.03  0.044  56.11 AMR GIM ECM 1 1 0
JASN3  37 20170215   0  1  999.99 99.999 999.99 AMR GIM ECM 1 1 0
JASN3  38 20170225  21 59  999.99 99.999 999.99 FMO GIM ECM 1 1 0
JASN3  39 20170307  19 58   -2.26  0.044  25.19 AMR GIM ECM 1 1 0
JASN3  40 20170317  17 56  999.99 99.999 999.99 AMR GIM ECM 1 1 0
JASN3  41 20170327  15 55   -2.33  0.052  16.87 AMR GIM ECM 1 1 0
JASN3  42 20170406  13 53  999.99 99.999 999.99 AMR GIM ECM 1 1 0
JASN3  43 20170416  11 52  999.99 99.999 999.99 AMR GIM ECM 1 1 0
JASN3  44 20170426   9 50   -2.29  0.050  15.62 AMR GIM ECM 1 1 0
JASN3  45 20170506   7 49   -2.32  0.057  18.06 AMR GIM ECM 1 1 0
JASN3  46 20170516   5 47   -2.32  0.047  13.23 AMR GIM ECM 1 1 0
JASN3  47 20170526   3 46   -2.25  0.049  13.90 AMR GIM ECM 1 1 0
JASN3  48 20170605   1 44   -1.97  0.044  56.54 AMR GIM ECM 1 1 0
JASN3  49 20170614  23 43   -1.96  0.044  49.38 FMO GIM ECM 1 1 0
JASN3  50 20170624  21 41   -2.03  0.045  56.45 AMR GIM ECM 1 1 0
JASN3  51 20170704  19 40  999.99 99.999 999.99 AMR GIM ECM 1 1 0
JASN3  52 20170714  17 38  999.99 99.999 999.99 AMR GIM ECM 1 1 0
JASN3  53 20170724  15 37  999.99 99.999 999.99 AMR GIM ECM 1 1 0
JASN3  54 20170803  13 35   -2.39  0.047  15.08 AMR GIM ECM 1 1 0
JASN3  55 20170813  11 34   -2.74  0.072  19.12 AMR GIM ECM 1 1 0
JASN3  56 20170823   9 33   -2.53  0.061  26.82 AMR GIM ECM 1 1 0
JASN3  57 20170902   7 31   -2.53  0.065  32.79 AMR GIM ECM 2 2 0
JASN3  58 20170912   5 30   -2.70  0.050  19.62 AMR GIM ECM 2 2 0
JASN3  59 20170922   3 28   -2.64  0.049  12.17 AMR GIM ECM 2 2 0
JASN3  60 20171002   1 27   -2.53  0.044  56.83 AMR GIM ECM 2 2 0
JASN3  61 20171011  23 25   -2.60  0.043  46.98 AMR GIM ECM 2 2 0
JASN3  62 20171021  21 24   -2.82  0.045  19.10 AMR GIM ECM 2 2 0
JASN3  63 20171031  19 22   -2.70  0.043  23.28 AMR GIM ECM 2 2 0
JASN3  64 20171110  17 21   -2.75  0.043  27.09 AMR GIM ECM 2 2 0
JASN3  65 20171120  15 19   -2.76  0.049  19.46 AMR GIM ECM 2 2 0
JASN3  66 20171130  13 18   -2.58  0.044  38.05 AMR GIM ECM 2 2 0
JASN3  67 20171210  11 16   -2.68  0.045  22.63 AMR GIM ECM 2 2 0
JASN3  68 20171220   9 15   -2.74  0.045  31.55 AMR GIM ECM 2 2 0
JASN3  69 20171230   7 13   -2.40  0.042  57.63 AMR GIM ECM 2 2 0
JASN3  70 20180109   5 12   -2.17  0.045  55.19 AMR GIM ECM 2 2 0
JASN3  71 20180119   3 10   -2.13  0.043  55.41 AMR GIM ECM 2 2 0
JASN3  72 20180129   1  9  999.99 99.999 999.99 AMR GIM ECM 2 2 0
JASN3  73 20180207  23  7   -2.29  0.043  43.47 FMO GIM ECM 2 2 0
JASN3  74 20180217  21  6   -2.22  0.043  44.06 FMO GIM ECM 2 2 0
JASN3  75 20180227  19  5   -2.70  0.045  19.99 AMR GIM ECM 2 2 0
JASN3  76 20180309  17  3   -2.72  0.046  30.50 AMR GIM ECM 2 2 0
JASN3  77 20180319  15  2   -2.60  0.044  25.45 AMR GIM ECM 2 2 0
JASN3  78 20180329  13  0   -2.79  0.046  29.79 AMR GIM ECM 2 2 0
JASN3  79 20180408  10 59   -2.61  0.047  15.78 AMR GIM ECM 2 2 0
JASN3  80 20180418   8 57   -2.82  0.047  22.09 AMR GIM ECM 2 2 0
JASN3  81 20180428   6 56   -2.45  0.048  14.87 FMO GIM ECM 2 2 0
JASN3  82 20180508   4 54   -2.20  0.043  55.44 AMR GIM ECM 2 2 0
JASN3  83 20180518   2 53   -2.61  0.057  13.84 AMR GIM ECM 2 2 0
JASN3  84 20180528   0 51   -2.26  0.046  50.29 AMR GIM ECM 2 2 0
JASN3  85 20180606  22 50   -2.28  0.046  55.59 AMR GIM ECM 2 2 0
JASN3  86 20180616  20 48   -2.71  0.047  18.08 AMR GIM ECM 2 2 0
JASN3  87 20180626  18 47   -2.40  0.047  41.13 FMO GIM ECM 2 2 0
JASN3  88 20180706  16 45   -2.52  0.043  22.82 AMR GIM ECM 2 2 0
JASN3  89 20180716  14 44   -2.75  0.046  17.55 AMR GIM ECM 2 2 0
JASN3  90 20180726  12 42   -2.78  0.047  16.73 AMR GIM ECM 2 2 0
JASN3  91 20180805  10 41   -2.75  0.046  17.24 AMR GIM ECM 2 2 0
JASN3  92 20180815   8 39   -2.88  0.050  16.05 AMR GIM ECM 2 2 0
JASN3  93 20180825   6 38   -2.88  0.048  17.42 AMR GIM ECM 2 2 0
JASN3  94 20180904   4 37   -2.41  0.044  54.61 AMR GIM ECM 2 2 0
JASN3  95 20180914   2 35   -2.50  0.046  55.44 AMR GIM ECM 2 2 0
JASN3  96 20180924   0 34   -2.72  0.043  46.96 AMR GIM ECM 2 2 0
JASN3  97 20181003  22 32   -2.83  0.045  46.71 AMR GIM ECM 2 2 0
JASN3  98 20181013  20 31   -2.96  0.048  19.30 AMR GIM ECM 2 2 0
JASN3  99 20181023  18 29   -3.10  0.048  26.01 AMR GIM ECM 2 2 0
JASN3 100 20181102  16 28   -2.95  0.044  41.16 AMR GIM ECM 2 2 0
JASN3 101 20181112  14 26   -3.06  0.048  16.14 AMR GIM ECM 2 2 0
JASN3 102 20181122  12 25   -3.07  0.076  35.49 AMR GIM ECM 2 2 0
JASN3 103 20181202  10 23   -3.02  0.047  14.21 AMR GIM ECM 2 2 0
JASN3 104 20181212   8 22   -2.62  0.043  57.89 AMR GIM ECM 2 2 0
JASN3 105 20181222   6 20   -2.77  0.043  57.36 AMR GIM ECM 2 2 0
JASN3 106 20190101   4 19   -3.01  0.053  15.58 AMR GIM ECM 2 2 0
JASN3 107 20190111   2 17   -2.75  0.046  55.75 AMR GIM ECM 2 2 0
JASN3 108 20190121   0 16   -2.47  0.045  53.36 AMR GIM ECM 2 2 0
JASN3 109 20190130  22 14   -2.52  0.046  54.67 AMR GIM ECM 2 2 0
JASN3 110 20190209  20 13   -3.01  0.110  29.70 AMR GIM ECM 2 2 0
JASN3 111 20190219  18 11   -2.87  0.048  15.04 AMR GIM ECM 2 2 0
JASN3 112 99999999  99 99  999.99 99.999 999.99 N/A N/A ERA 9 9 0
JASN3 113 20190311  14  9   -2.92  0.045  23.56 AMR GIM ECM 2 2 0
JASN3 114 20190321  12  7   -2.92  0.048  16.98 AMR GIM ECM 2 2 0
JASN3 115 20190331  10  6   -2.92  0.046  20.55 AMR GIM ECM 2 2 0
JASN3 116 99999999  99 99  999.99 99.999 999.99 N/A N/A ERA 9 9 0
JASN3 117 20190420   6  3   -2.83  0.050  14.53 AMR GIM ECM 2 2 0
JASN3 118 20190430   4  1   -2.83  0.048  13.40 AMR GIM ECM 2 2 0
JASN3 119 20190510   2  0   -2.81  0.051  16.30 AMR GIM ECM 2 2 0
JASN3 120 20190519  23 58   -2.80  0.053  13.13 AMR GIM ECM 2 2 0
JASN3 121 20190529  21 57   -2.40  0.044  47.51 AMR GIM ECM 2 2 0
JASN3 122 20190608  19 55   -2.59  0.043  55.39 AMR GIM ECM 2 2 0
JASN3 123 20190618  17 54   -2.59  0.043  49.76 AMR GIM ECM 2 2 0
JASN3 124 20190628  15 52   -2.84  0.044  35.16 AMR GIM ECM 2 2 0
JASN3 125 20190708  13 51   -3.01  0.047  16.98 AMR GIM ECM 2 2 0
JASN3 126 20190718  11 49   -2.98  0.047  19.60 AMR GIM ECM 2 2 0
JASN3 127 20190728   9 48   -3.08  0.048  17.88 AMR GIM ECM 2 2 0
JASN3 128 20190807   7 46   -2.72  0.059  42.55 AMR GIM ECM 2 2 0
JASN3 129 20190817   5 45   -3.01  0.060  15.97 AMR GIM ECM 2 2 0
JASN3 130 20190827   3 43   -2.77  0.042  58.13 AMR GIM ECM 2 2 0
JASN3 131 20190906   1 42   -2.62  0.042  55.69 AMR GIM ECM 2 2 0
JASN3 132 20190915  23 40   -2.83  0.042  56.89 AMR GIM ECM 2 2 0
JASN3 133 20190925  21 39   -3.10  0.043  42.60 AMR GIM ECM 2 2 0
JASN3 134 20191005  19 38   -3.06  0.044  35.50 AMR GIM ECM 2 2 0
